/*--------------------------------*- C++ -*----------------------------------*\\
| =========                 |                                                 |
| \\      /  F ield         | OpenFOAM: The Open Source CFD Toolbox           |
|  \\    /   O peration     | Version:  v1706                                 |
|   \\  /    A nd           | Web:      www.OpenFOAM.com                      |
|    \\/     M anipulation  |                                                 |
\\*---------------------------------------------------------------------------*/
FoamFile
{
    version     2.0;
    format      ascii;
    class       volScalarField;
    location    "1";
    object      p;
}
// * * * * * * * * * * * * * * * * * * * * * * * * * * * * * * * * * * * * * //

dimensions      [1 -1 -2 0 0 0 0]


internalField   nonuniform List<scalar>
7155
(
14.9585
16.8908
21.443
17.6222
23.7366
27.1199
35.3642
32.4281
38.912
35.5299
27.8091
28.75
32.8425
32.3581
32.1353
34.0062
36.2936
29.7213
26.4871
22.9667
29.6691
34.5743
34.5608
58.5651
59.169
47.6675
41.3603
39.9948
21.0733
22.4488
20.4272
20.4584
18.5959
17.6851
13.8848
13.7056
13.3155
12.7418
13.04
31.918
32.0608
29.6437
29.7852
33.3125
32.3879
33.7239
34.1114
34.8066
31.6376
29.7868
35.0786
43.6924
41.3321
41.679
43.2352
39.4212
44.4659
29.135
32.6476
15.6363
15.2327
15.1259
14.9259
16.6918
15.678
16.3306
15.8489
16.7866
18.6334
18.5599
17.099
16.1216
18.8753
16.9961
14.3787
14.5808
16.6384
33.6035
42.2834
35.2472
43.2337
37.5114
45.7966
32.9386
48.9367
54.6285
52.046
51.3054
54.0747
38.4526
28.7144
26.8452
29.4157
28.7441
23.0172
25.398
23.7371
17.3377
17.547
15.8695
15.3268
16.5849
51.4165
48.817
41.6243
45.4414
40.7177
37.9467
38.5928
17.5623
21.1304
19.5389
26.0059
28.3033
30.5736
27.5061
31.3197
30.2241
32.3167
31.8513
15.0201
16.0492
14.7226
13.628
14.2271
16.8779
16.4011
18.7165
20.6878
19.1574
19.5828
23.5451
24.5589
32.9495
33.9733
31.3627
29.5503
26.6186
27.5374
28.5253
37.5983
28.1036
28.2969
25.0995
23.5753
25.1072
21.2883
22.0023
21.3604
22.0888
20.0466
19.1242
17.9738
20.6234
19.6352
18.4914
17.8357
14.3026
15.1275
14.3064
13.9114
13.0944
13.7306
16.8279
20.5751
39.4104
37.5434
35.7525
34.0722
32.7043
33.8169
27.0872
27.8536
27.3938
36.9683
29.5479
37.0158
36.3361
36.3428
35.644
34.3205
32.9561
33.624
34.7486
34.5389
22.6547
25.1454
22.8785
20.7907
14.1189
12.8141
14.9706
16.6748
16.3044
17.9173
13.2797
13.3457
11.4175
9.53
10.7865
10.5875
11.0978
12.5392
14.805
43.8026
44.3251
37.2265
16.6166
16.944
18.6417
19.932
20.7706
19.3111
18.8374
32.9313
30.9447
27.9213
29.8671
11.968
12.3105
12.4795
12.8669
13.8582
12.9926
15.0164
13.8275
14.0233
8.8972
8.4763
9.0304
9.9539
3.6595
3.1773
5.406
4.3996
5.2181
4.3185
5.0935
5.4951
12.0882
12.3929
13.6103
13.3665
14.8525
16.4893
10.2803
12.2498
18.6735
18.2034
15.7028
17.3148
15.1689
15.7378
17.3255
6.3888
6.6085
5.6186
4.7085
4.6511
6.463
6.4261
6.5902
3.9478
2.4492
-0.0087332
-0.063133
27.9834
27.4966
30.6813
30.3436
19.7794
20.2592
26.9065
25.5193
6.531
6.0673
6.1223
5.7373
6.5942
6.4348
5.8724
5.6988
2.6251
5.5241
7.3607
5.2925
13.3313
14.0425
12.1805
11.232
8.166
8.2101
5.4008
6.8797
9.2532
9.1824
9.0967
15.9427
14.5762
19.5405
20.8779
10.3509
11.6361
10.718
10.2842
32.0999
33.1908
28.3659
28.2474
30.8542
28.1079
26.4724
24.171
26.632
24.1456
24.3868
24.1125
24.3222
25.2702
22.566
25.1888
15.4226
14.4383
18.2471
18.415
18.0978
18.2846
15.4205
16.4717
17.2065
17.949
21.9573
22.4669
25.2303
23.0658
21.8998
21.6525
23.6177
23.389
18.778
20.8104
22.4822
21.2524
14.4916
16.7436
18.7468
15.7847
8.34
8.5781
4.3463
5.2028
7.1737
7.116
6.3368
3.5819
4.5408
4.6898
5.7517
15.321
16.3414
19.9051
19.8581
17.1737
-1.0543
-1.1753
0.85875
1.3903
18.0517
20.7702
19.9242
15.9941
7.5209
8.0943
5.4252
6.6705
8.2107
7.4781
9.0288
9.0664
10.4664
9.2791
10.0535
11.2411
12.1955
4.687
4.331
0.30163
2.6922
2.2059
4.4242
5.2245
3.1934
8.5052
8.5404
7.7261
6.8999
6.9768
28.4465
28.0289
23.3458
23.419
1.7964
-0.2354
4.2164
3.4875
6.58
5.4368
7.4519
6.5592
9.7829
8.8871
9.4444
8.2183
8.8981
7.6346
9.8862
9.8525
10.7155
7.6869
8.5165
9.461
7.3495
6.6985
8.3382
11.8481
11.3689
10.6616
10.5404
11.5913
10.9078
10.5172
10.7456
5.3323
3.99
7.8371
6.6213
18.4902
17.7904
21.1933
21.6203
3.8904
6.1654
6.4244
5.2747
5.7381
5.9953
6.6314
8.426
9.6417
9.1381
10.0373
35.2247
33.6888
36.3017
35.0112
38.5176
34.901
0.61009
1.4978
5.452
5.3868
1.8637
17.2592
17.5968
17.9602
18.0064
16.2291
17.1831
16.6382
16.6275
15.7006
12.1344
11.6023
10.1294
10.139
12.2012
11.5998
14.1233
13.7789
14.2419
13.1629
14.6554
15.1566
14.2285
13.1774
5.6558
6.7486
6.3005
5.6332
5.4197
5.4168
5.8885
4.4578
5.4945
23.334
22.7726
24.9159
24.4423
13.0139
16.3022
12.4352
15.7128
11.8448
15.1312
10.293
7.0496
6.98
4.2874
9.2137
11.1623
10.6355
9.4296
12.0256
34.8261
36.6574
42.0433
39.8749
21.9031
22.3843
23.0938
23.4055
36.8464
37.1078
41.0326
41.1773
36.1921
30.6951
36.0263
72.5336
76.2889
90.8604
84.3007
80.3576
26.6539
29.242
26.0507
23.527
23.1885
25.9184
28.0193
31.331
32.1032
10.5616
8.2576
8.8385
7.7003
8.1833
10.9133
14.187
14.9668
14.3519
8.5641
9.9997
12.5911
12.7684
13.475
13.8518
10.0281
24.7401
23.2122
24.153
22.9939
24.0906
26.0666
26.5236
29.5638
27.5536
26.1644
12.5141
13.8712
16.052
14.7547
35.2526
38.8209
33.092
33.2196
29.9019
22.3995
24.037
22.6977
26.715
29.2037
22.6169
24.4791
23.9222
25.7455
14.5771
14.3156
13.8095
13.5846
28.7289
12.1072
11.5369
12.6616
12.2138
15.586
14.167
12.7569
14.1944
11.1125
10.7614
9.4824
15.2378
16.2146
14.2531
15.088
33.4207
29.9469
11.3304
12.5897
30.7324
19.5739
13.6191
13.7471
13.8875
13.3753
13.4346
11.4011
11.5705
11.0103
12.1933
11.222
17.5128
19.7815
16.9955
18.7366
11.0992
11.2946
8.6603
10.6705
9.3683
12.7722
11.3072
12.3201
11.1171
12.5322
15.4718
14.8491
30.9425
29.6783
28.2528
27.1347
19.3482
18.385
19.1231
18.1023
25.9912
23.6883
28.3434
25.2972
26.191
33.2677
17.3993
16.0158
17.2937
18.2242
25.3698
28.1331
26.4412
29.6169
17.2034
16.7238
18.578
17.0175
15.7123
15.4729
24.768
25.7207
13.7124
13.7701
17.4197
19.0125
20.1077
20.3916
32.554
35.2487
31.1379
38.4325
34.367
12.2225
12.1599
14.4174
14.907
14.4824
15.3797
15.1321
18.8214
18.4795
19.3261
18.7612
19.4518
17.8272
33.4022
32.7047
34.4365
33.5492
37.6871
36.566
15.2037
14.3453
15.5755
12.8808
10.9402
13.9874
11.4733
34.1329
34.6736
33.0214
28.4315
28.8163
35.5244
38.2665
36.752
37.5204
17.4385
-0.65916
8.1363
8.2636
8.139
5.3878
7.2931
6.7937
6.9921
7.3503
11.8862
12.9055
7.9756
8.9337
7.472
8.4662
13.2062
12.214
12.9795
12.1067
9.6073
10.9347
6.5518
8.1334
5.4464
6.6733
8.1002
8.2745
7.4974
9.2061
8.5409
9.3962
10.2425
9.3141
10.0583
12.0179
11.1715
11.4453
10.4912
8.7294
10.8717
12.41
13.412
12.7397
11.9997
10.8736
12.7212
11.2508
27.3518
26.4758
28.0123
9.5116
8.6342
10.1416
9.0798
8.2295
8.5329
7.9651
8.2731
16.6513
15.8043
14.3518
13.6159
29.1637
29.5264
28.3564
6.8741
5.6433
7.5778
22.2873
20.707
19.6083
15.8894
15.5841
16.699
10.7829
11.3093
9.1038
9.1695
9.4515
9.2248
10.8321
10.8096
10.3369
11.071
10.6911
11.4342
13.9748
14.4153
15.5914
15.8612
6.7516
7.2401
7.1354
4.9176
4.637
10.4867
8.1964
21.8039
22.0814
24.1095
23.9415
10.7188
7.8463
8.4969
3.6118
2.178
-0.11747
-1.1589
-0.32285
10.9639
13.4703
9.0318
11.8711
6.1151
6.2003
3.8157
3.5943
4.6222
4.5655
4.8519
12.1814
13.3463
14.6229
16.8314
16.4376
11.8713
11.2832
10.257
10.3034
8.0245
7.6079
7.7033
6.3521
8.9039
7.5807
5.8387
10.0688
9.9154
10.7521
10.5787
10.8022
9.8758
9.5991
8.3069
8.9267
14.6279
14.9608
10.3172
11.8049
11.5531
12.5401
18.3017
16.1042
18.1019
-0.55231
0.71484
17.8204
16.4765
16.6556
9.0178
7.8948
9.0806
7.5112
8.446
7.7665
9.4146
11.0945
9.5839
10.0693
8.8984
13.3507
8.5835
9.3616
24.6856
25.7142
22.6376
45.2843
45.3525
41.4199
39.5841
44.3781
83.8885
52.0798
53.3939
54.6712
56.999
41.8918
36.0685
52.3976
45.1167
44.2481
47.8706
73.5948
47.0569
54.3682
49.5811
51.9974
41.2983
46.0164
62.8331
60.7715
65.0012
58.4283
56.1697
68.4053
80.3329
30.3148
47.1663
52.2171
44.0015
64.6464
93.956
54.8469
19.4764
62.0025
83.9915
86.1155
66.9681
52.3974
60.0758
48.8892
47.2101
20.5095
46.7268
59.9875
55.4684
47.8639
40.9914
58.8674
20.2661
82.5192
29.3263
66.4749
91.5388
43.0466
64.8645
45.0938
30.6855
32.8449
33.6304
79.7304
68.2191
39.1406
46.4727
89.0401
63.2763
81.2266
27.1904
100.4825
23.2887
85.2913
67.7793
47.9374
54.3973
48.5495
62.1576
66.6482
46.3753
63.9359
91.0333
92.3187
50.1376
58.3685
54.1647
108.0775
42.4154
47.0413
37.4646
58.0842
107.7776
61.1502
59.0515
45.4523
34.7884
34.7535
71.8311
86.3739
32.6526
23.9593
20.5748
82.4602
80.5285
68.2528
60.6199
62.3351
36.4576
58.7562
48.892
51.2025
42.2397
72.7962
81.3725
47.1928
52.1232
18.7077
45.1544
50.4727
50.3811
86.4359
67.0094
68.8644
71.2735
85.1118
28.2735
66.0619
68.3842
21.3775
25.5747
40.2678
56.6323
50.5412
58.815
50.7118
58.061
45.8453
56.498
33.1956
31.9013
29.457
88.704
52.9428
37.0447
45.137
67.5806
43.9045
38.915
26.34
26.4528
47.2508
57.2673
46.434
53.2535
41.956
34.5747
46.7675
43.5867
66.9014
34.6836
44.8541
40.0378
32.9452
29.0203
34.2266
29.3106
31.3216
31.0275
39.1489
41.4429
35.1399
38.9702
40.6709
41.6988
70.8518
26.9622
30.046
46.1786
42.9229
30.5338
49.4309
22.6984
94.8207
53.067
54.797
6.169
1.8233
5.7281
4.6547
3.8566
12.0587
16.6983
12.5463
16.3705
15.6641
11.7159
15.2215
14.3244
14.6722
14.1823
9.7156
10.9494
13.6548
8.4212
8.3338
7.9291
8.7551
9.876
8.9728
19.4338
6.6301
12.3093
6.2399
2.1607
6.0912
5.7234
11.4611
14.054
36.6055
33.7636
28.7911
5.4598
10.984
9.6143
9.9751
9.7035
12.3159
18.3967
16.5621
14.2014
15.7167
17.2195
15.1628
12.8481
12.0432
13.9258
13.8321
24.9897
28.0261
22.6913
21.884
9.7058
18.0346
19.2104
16.3532
11.9166
3.0631
3.3243
3.9051
2.7883
12.9321
18.57
19.602
21.6264
19.5918
5.0225
8.7851
6.8296
7.1499
8.2471
15.2027
17.9503
16.4765
13.3222
14.2114
9.9272
11.4891
11.4463
12.836
13.2677
6.1477
-3.5981
-2.484
-0.95254
1.7067
4.6163
-0.25146
2.5101
9.2747
9.6813
8.8596
29.751
24.1014
15.6895
27.344
24.5296
10.6326
10.1103
11.0088
12.1995
10.2794
11.1206
13.034
5.5295
4.3642
0.53583
-3.1892
2.6412
4.8203
4.2608
2.291
19.5752
14.6659
28.1864
26.5863
7.3518
-1.9927
3.6732
8.8112
8.528
7.3078
4.8417
4.3454
28.9411
26.3386
22.2563
22.2588
22.3309
12.3298
4.8804
3.7611
2.5175
-0.58323
4.828
3.5369
10.8113
16.5194
16.5021
11.531
10.4536
11.7453
13.5239
14.3626
9.4832
5.4451
10.2355
10.8756
8.9294
10.2324
7.7697
9.3089
28.2847
30.7098
6.5606
3.5255
7.8666
9.2339
7.2838
7.3287
6.3536
6.546
9.375
9.9497
14.4745
9.9599
10.8474
9.9188
10.7392
12.0809
29.1384
9.4167
14.6633
17.6453
18.745
13.0772
16.0911
14.0272
17.1402
18.9494
14.4876
17.4511
9.3302
13.4368
16.5813
14.3781
17.6908
27.4966
22.6046
29.1587
34.7088
9.3099
9.1181
34.8755
33.7928
1.2953
3.563
15.4223
17.6313
12.6141
14.8127
15.9373
23.2319
13.1362
15.8601
15.7136
15.5793
32.9002
24.4273
10.1216
9.1577
19.9594
22.6907
20.0723
19.1142
19.9248
20.9258
16.7909
12.4396
11.5898
7.4113
13.5225
11.6245
13.1756
11.21
22.8229
23.5243
17.7114
25.6827
24.047
23.9214
22.03
21.5216
17.3246
13.4026
14.706
19.5272
9.779
6.2357
11.3147
10.9027
14.3052
11.6903
12.0817
11.9885
11.7184
13.0476
12.7859
-0.26293
-0.2749
0.20176
1.4311
-0.76877
12.3188
12.8155
15.1845
6.7632
-0.81327
3.7826
11.6572
14.1757
17.2888
12.8945
12.3594
13.4142
13.9753
14.5124
13.7564
3.0576
5.5636
5.7971
7.6582
14.0448
2.6586
4.9567
6.3929
5.4159
6.2674
5.828
7.5109
3.7584
10.3306
8.3869
6.7397
7.1216
13.9896
8.6487
19.0848
20.2457
26.2493
22.6062
22.7961
22.7817
9.0202
9.2994
14.66
9.5079
9.1792
10.5413
10.6886
11.5527
27.2061
21.7555
26.3167
20.7773
23.7461
23.8509
24.678
24.5541
16.4203
22.2167
10.8377
5.7607
10.2944
14.3145
18.2931
16.815
19.3977
15.9567
16.7998
16.0703
17.1174
9.9719
21.3031
37.4574
7.5267
9.612
7.6133
9.4329
9.2429
7.8217
8.7235
8.1731
31.3197
27.6121
33.8442
36.7742
32.306
35.3379
30.3329
33.4563
29.8086
22.5795
33.5414
31.2091
32.7898
30.2064
11.6334
17.3168
23.2662
22.7167
12.6406
16.8101
15.0121
18.8238
32.526
30.0749
13.6514
14.9027
29.4375
-1.5204
0.030291
-1.048
1.3873
0.35835
7.8022
29.0863
18.3089
13.358
13.7713
15.8227
26.3085
20.7337
23.9427
19.9556
25.6481
20.2992
23.3314
36.0578
10.3726
13.4927
11.024
12.4448
32.2897
-2.5719
5.7597
5.0012
1.1246
6.7359
2.5494
6.0365
7.3875
6.9231
7.3841
6.1344
6.3081
7.4584
5.4588
6.6596
5.1961
7.2009
6.7088
7.8215
7.1222
34.6367
24.0446
32.0214
28.8177
8.8126
13.1626
7.0804
10.1055
10.1342
9.8751
13.2966
4.0676
11.263
9.9563
9.4865
11.0357
13.9328
12.9733
15.1357
11.5792
11.3308
7.6531
7.613
7.9997
12.8685
7.9299
12.4567
20.8881
11.5121
14.8799
25.7106
18.5748
27.0817
23.3435
22.1687
17.519
3.504
7.9384
5.1295
6.7542
5.8852
3.2185
3.5142
-3.1542
1.0058
1.9763
3.484
3.1484
-1.2442
3.7341
3.2627
4.1487
4.3235
4.7476
-3.9884
7.2726
-1.3965
2.611
5.1537
4.2727
6.2192
5.7479
3.786
12.5906
8.1878
9.5405
14.6953
12.8373
4.4978
1.0349
6.1775
10.8702
12.202
6.644
32.0757
25.5951
9.1258
0.37714
-0.18317
-0.16059
3.008
3.4841
0.78978
27.6643
12.5843
1.5039
1.5672
0.68909
2.3539
4.6853
8.601
5.8277
12.5186
22.7245
28.2055
20.9463
14.8362
21.32
17.9995
7.5058
22.8371
22.1436
19.804
13.5291
15.8737
20.5792
23.5132
28.7714
16.6778
21.5397
25.7848
25.3504
19.6324
22.8829
21.5453
23.939
13.8889
12.6537
20.2385
16.94
25.33
29.6347
31.3519
31.6547
24.0758
27.3388
27.8086
30.4812
29.4607
15.3054
15.5039
14.9562
20.4945
23.0618
20.3429
18.7018
21.7595
14.5844
26.2816
14.5919
14.5537
15.5069
16.1562
8.239
10.4238
20.3097
30.6449
30.0585
26.6719
26.0504
21.4667
25.1835
26.9762
25.7255
27.3664
11.9711
4.5033
18.9014
6.0396
7.1677
13.0502
9.8222
14.9176
3.9739
-1.651
-1.2231
-0.72948
0.27109
1.15
3.1521
0.72676
16.4234
18.5329
19.3995
7.5968
7.4667
9.7354
8.1305
6.9584
8.2473
22.6412
20.62
31.6158
31.0405
10.871
3.3909
3.6976
13.6203
11.0721
10.5307
7.5995
6.3379
3.6782
7.2861
5.1328
6.6064
13.2288
13.7739
3.7263
9.4683
3.6215
10.5397
8.9572
8.8222
6.2258
6.2126
29.855
23.0942
26.7166
27.9563
24.9402
28.2611
27.0702
28.1459
11.3823
8.3424
15.4642
10.9125
12.5067
15.0821
13.6097
19.8862
6.2214
16.4424
16.5941
13.5321
15.1913
12.8654
12.232
18.3849
5.5878
11.3803
8.8981
6.0429
5.8824
1.0819
1.3725
3.4081
4.4816
4.8087
3.4238
-2.4263
-2.3196
-0.81932
2.1987
1.4348
10.0272
12.4125
-5.0929
0.83464
9.2993
4.4724
10.5925
7.7116
13.493
17.4228
13.1622
14.8042
23.6194
8.5834
8.6766
8.3007
7.897
20.4065
28.2787
19.4773
25.2959
27.3985
19.9489
18.9955
17.2153
17.7322
17.0463
17.9949
14.0727
19.825
22.9126
25.1473
14.3821
18.2997
21.9848
17.582
21.3727
17.4769
31.1936
39.8138
32.3072
31.1445
32.1472
29.8587
35.383
32.7937
-0.70265
-2.0104
0.3468
3.7239
0.053594
1.7968
12.9594
1.8917
0.26756
1.2869
5.1103
8.8104
6.4599
4.4306
5.9913
8.0251
5.4995
5.3941
5.1863
6.3201
27.9697
9.794
17.2616
10.8726
7.3931
9.8777
9.2097
11.8553
11.3569
8.8983
7.553
6.8301
6.5783
10.3403
29.2802
18.3398
15.9023
13.4978
15.5167
9.9862
10.5462
10.3106
8.0156
9.1221
8.7608
9.7793
8.9328
18.7023
26.3814
21.1744
23.5759
10.7012
10.8843
4.124
9.2619
11.3824
9.0371
10.5872
8.7255
12.3819
1.418
1.3863
1.4534
8.4055
5.2361
4.3987
2.2805
26.9201
30.1022
29.9275
2.0118
18.1804
5.2721
7.1281
6.528
13.0475
23.0276
12.1735
26.0437
20.7069
20.2095
24.0722
18.1506
22.4421
30.4985
28.9943
26.1199
23.4357
10.6316
13.7575
12.6361
33.6486
11.4386
10.6043
11.3232
2.3108
2.7879
7.2329
7.4852
6.9452
30.7767
13.5645
23.3048
19.9231
11.7285
14.691
11.9254
19.7441
18.6509
6.1945
0.32663
4.7147
3.1717
9.1043
5.9475
6.9828
7.0368
6.1308
7.2394
13.692
16.9029
-9.372
3.4684
13.2058
6.7953
14.2159
7.7618
7.4498
6.5699
-0.96382
-0.3788
7.1509
2.7833
7.1274
6.0843
17.1359
22.6616
19.1062
15.1364
29.3482
31.4952
21.7706
22.1846
19.7671
24.2713
24.6944
22.9383
23.3092
22.2482
21.9124
18.7897
22.6071
12.0035
10.0668
4.9119
8.3391
8.9034
8.3511
6.5219
8.0503
26.1358
2.8552
6.7898
5.3675
7.2178
7.1146
7.4636
5.9383
5.8043
3.683
3.4346
8.0788
6.0607
5.2106
7.9521
10.3761
7.6322
-0.11182
7.6321
5.2736
4.9768
7.2236
4.4308
6.5825
9.8143
14.9468
11.7294
12.2572
17.6667
11.7419
14.1529
7.8572
11.7592
12.62
15.6691
13.7219
9.9013
15.1829
11.6962
-0.49365
-0.38015
-0.41095
1.0716
-1.0259
1.323
7.8822
7.5721
12.0719
10.8078
8.245
14.2766
17.4387
12.6534
11.4801
13.0892
13.5695
15.3059
28.9777
20.904
30.623
24.8055
25.2855
23.2801
27.2836
28.056
14.1207
8.6886
10.0022
8.6913
8.6614
9.0495
10.0625
10.1922
20.2244
23.1212
25.4586
30.3923
26.7042
24.2983
21.4505
25.1448
17.0855
21.5676
27.9084
23.9407
16.1034
21.0712
13.4572
1.8832
0.21921
-3.5802
11.1737
2.434
14.9746
21.5243
19.4159
16.9727
18.6702
18.8084
13.5055
5.1091
11.6623
14.0837
11.3414
10.2795
6.081
1.7308
2.2458
8.372
7.1057
6.391
4.66
4.3452
3.5929
13.8914
10.4121
7.2001
16.8381
8.9028
23.534
16.515
9.8792
19.7627
24.5558
17.5382
21.6382
15.164
18.583
13.2402
8.2171
16.6992
3.064
9.9424
7.9128
13.6582
14.5258
9.6201
9.9799
14.4945
11.3114
10.017
11.5947
11.362
12.5843
-0.030807
-1.6916
-2.6713
-1.2154
4.4903
1.3337
2.957
8.4336
2.779
6.7154
6.6053
4.5375
6.8667
5.0049
9.9553
8.7109
7.4469
7.7855
0.43588
0.95725
8.1442
5.2399
1.3893
3.44
11.9843
9.9184
11.5276
11.8832
13.7753
9.9301
11.8413
11.2941
11.7602
12.636
11.3397
12.0558
6.054
9.8998
8.279
9.7226
36.6547
34.4139
38.3248
18.208
15.1481
18.4468
15.9419
16.3952
19.8874
16.0874
10.0892
11.1978
8.0104
3.5334
10.4032
8.5679
8.6337
11.9481
12.5621
9.576
6.8709
1.0995
5.6876
5.4835
5.586
-0.56917
-0.98179
5.105
3.8783
-0.29471
1.1551
31.824
22.1096
28.3334
26.0263
26.7822
4.4836
3.9594
8.9061
5.641
5.4702
7.5423
11.1156
12.4418
13.1249
14.159
2.7807
5.713
3.9662
5.2563
4.6929
7.7826
32.0325
10.9106
12.4104
11.9402
14.3876
13.1693
12.1813
12.8287
11.8915
32.3466
36.7307
16.7269
7.1622
11.6382
12.286
12.0668
10.5291
10.8522
4.7283
9.461
6.7911
11.8715
11.3292
12.0158
12.2514
13.0885
13.4012
7.0132
4.9742
3.2312
3.6538
3.9578
3.2457
4.1996
3.6334
4.884
3.3405
4.4539
6.2574
2.0463
2.4597
3.2252
4.3373
9.6826
11.2865
5.7796
5.8824
5.1581
5.2739
2.5185
0.52887
5.2837
4.7693
3.6447
3.6396
17.0618
13.6326
31.4814
34.4207
27.0497
27.5749
35.7187
6.3461
4.9125
11.8863
6.1163
6.5991
6.452
1.0711
1.1677
6.8435
6.1053
4.11
3.8822
-0.50172
-0.51282
5.431
1.104
3.8799
7.9396
3.9872
10.74
10.6065
8.2477
10.2099
8.0154
9.5124
10.1145
12.0801
12.1521
-0.74515
-0.17694
-0.4735
6.5906
4.9383
2.6799
0.056801
2.6233
10.7577
9.9841
16.6746
12.3165
10.159
12.3452
11.1217
12.6897
13.9779
18.462
14.7378
17.1485
4.6578
9.6416
7.8134
7.279
9.3079
7.9164
24.725
25.3637
25.1296
28.0533
41.482
33.8895
10.9928
11.4139
39.2462
36.3963
40.7938
40.5777
36.1754
39.3409
18.2412
25.852
27.9488
25.0947
13.4523
22.0312
34.1161
31.3927
32.9425
28.9452
29.9005
15.2322
35.2012
14.8674
16.9231
15.0808
33.3775
39.3514
34.9986
26.4025
32.1606
30.9811
41.6323
39.0373
37.8532
19.9969
14.6909
15.461
32.4334
30.1111
24.4323
14.5982
17.135
14.1793
15.7814
15.2291
17.0169
16.7946
18.5372
13.6855
14.5103
40.352
47.2149
49.7648
27.4175
23.5746
26.343
45.918
43.1641
44.2788
22.5654
20.7419
22.0472
21.6294
19.7515
26.7882
22.1679
21.776
22.0113
29.046
36.4516
31.7533
33.9214
16.555
17.0612
17.2713
16.1346
30.5331
39.4864
38.5795
43.6811
41.9278
41.4343
20.8498
13.1116
12.1497
17.3154
23.1638
25.2245
26.0102
26.948
43.022
18.869
18.5164
15.8935
16.673
32.9768
41.5924
38.9274
41.713
42.8071
31.308
27.2171
41.0155
29.9413
43.1563
37.4985
36.0515
30.0115
30.881
13.8258
30.0638
34.1216
32.4733
19.6678
35.5343
38.3073
16.4896
24.608
20.5146
22.6087
24.0835
16.1104
14.1065
14.631
22.9762
50.5776
51.3415
28.0132
31.3756
30.6018
10.7856
9.3891
9.5967
17.1961
11.4654
12.44
26.8038
28.6962
14.5548
13.7327
33.4969
32.405
21.9398
24.0807
18.7278
13.834
27.332
27.9219
11.4558
13.1444
22.357
22.2131
31.6785
14.7032
15.0061
33.5653
31.7748
11.1293
18.5096
18.0353
16.6506
17.3705
36.8577
12.4914
29.4445
27.5081
18.0009
16.3003
27.8889
26.6705
27.8616
20.109
21.7786
36.2624
33.2078
15.3708
15.6225
27.526
207.3006
212.0551
219.6984
212.2697
216.7927
203.9506
344.106
249.1785
492.5306
411.822
216.2379
494.676
198.5757
508.0252
118.1343
505.9055
512.8419
240.9625
245.9176
243.4977
244.7163
242.4942
244.7722
421.0219
424.2062
175.8632
177.4024
212.4458
399.3599
400.5138
149.0958
217.7194
401.7347
402.126
433.3282
485.7193
490.6903
490.5404
472.1027
70.5214
236.9471
148.9877
242.3322
321.017
513.9823
510.5597
518.8348
254.4362
251.1422
518.6353
242.299
245.1416
495.112
489.1253
496.4345
543.7796
492.6227
231.1655
231.501
227.7885
230.0415
229.9794
232.0095
235.4034
238.2053
234.6701
214.0214
398.1071
400.5757
385.4697
388.8998
241.9418
388.1421
391.0516
243.0723
188.5297
484.9062
480.9667
202.4575
193.4107
194.9108
191.2832
194.6953
192.1048
402.145
391.9386
397.362
394.5982
403.3407
395.3236
227.1593
611.0023
612.2307
620.6046
195.621
198.9374
225.6064
228.4857
222.6564
219.5096
223.6681
224.547
214.3089
221.5845
227.9066
227.0731
226.6485
216.0242
215.0727
213.6323
255.1697
212.1155
218.199
239.5407
242.7911
422.4492
139.5581
235.6464
237.796
242.4739
239.0646
239.3009
246.1964
238.2602
241.8395
235.7266
246.8244
219.6253
146.7138
229.5921
231.9295
234.9583
242.6434
243.8971
245.0111
224.65
230.9335
291.5499
288.8917
245.8944
245.9315
233.5338
230.0742
241.9525
135.1525
233.5256
231.4181
138.9588
233.2076
237.6018
192.4231
236.1149
237.279
233.6312
225.4789
219.6993
221.0456
216.066
213.1315
234.2862
215.829
228.4185
233.9874
229.4971
220.1576
219.8419
216.4668
228.7227
225.2833
217.0607
208.526
211.2595
428.5645
433.4275
217.5311
211.6554
239.8607
215.1989
219.0552
218.1975
234.8697
231.7352
632.7569
608.2943
230.4872
239.1406
237.1206
234.6305
236.791
229.265
249.0512
237.0796
239.2202
234.9298
209.7897
215.3922
240.9832
227.5315
200.8656
208.9256
170.6674
172.6076
244.3728
219.7643
209.7276
247.9677
247.6035
104.2199
228.1687
262.6799
234.6858
518.7451
511.3161
511.8443
515.3258
160.3588
228.1918
157.7299
248.4146
250.3103
611.2595
227.3806
240.2632
224.8484
224.787
284.0996
284.2029
296.3611
297.5803
361.1902
253.3253
322.7073
237.3109
294.2536
297.5812
235.5119
620.717
228.2214
340.1922
242.2775
294.8583
303.1096
211.6225
210.8351
235.6906
242.4993
218.6753
217.9152
215.6264
223.0803
148.8579
216.6296
224.7899
223.1234
302.3059
342.9245
249.9595
116.4463
245.3117
240.4552
257.4113
258.8314
258.9668
260.2141
269.454
271.412
264.592
266.7457
263.7288
92.8636
221.8555
264.0695
262.3071
301.0221
505.0481
339.2954
630.7919
239.1919
240.3721
225.3596
225.0244
277.7718
272.6532
273.0689
277.6337
238.2026
279.2165
283.0578
235.5783
110.4376
283.8388
285.7728
223.4288
222.1513
154.5717
515.8493
515.3687
513.2951
521.2852
512.3347
499.7077
506.5176
521.1798
198.2122
190.5718
328.2029
332.1625
225.2564
272.0889
269.411
254.0962
257.8103
261.7504
182.8613
184.4355
194.9784
186.3864
188.0071
188.6495
184.5344
192.5833
187.9123
189.5725
195.0806
194.3992
273.956
248.2901
606.8418
199.7684
134.8258
200.2372
197.3343
199.1313
201.0593
200.8446
140.8998
103.717
93.4044
96.2569
209.5205
212.5321
215.1207
217.1991
212.9431
196.4676
217.058
206.5498
242.1094
230.0279
217.5587
223.6169
215.5815
216.8057
212.6883
223.7145
217.8984
110.7342
214.0652
226.5437
222.8528
216.0149
217.9046
197.2575
210.6763
260.5897
181.9365
176.8807
206.275
232.9491
238.2846
236.2039
523.2211
221.3073
212.5321
204.7261
228.3317
307.9755
228.7394
225.9585
237.78
494.0368
192.3773
220.2424
220.5572
211.4258
245.2138
231.8794
221.0697
200.7713
173.5199
179.4276
490.0926
224.3269
175.6591
214.0868
201.1954
259.1636
259.767
195.5129
252.3459
204.9727
225.6999
197.1187
265.3657
255.066
267.2352
258.1936
138.0366
204.1125
199.5234
152.8747
209.3392
108.3349
229.0981
231.0028
244.7037
198.8815
198.8163
214.499
213.8401
209.1562
217.4366
229.9193
220.2917
350.442
228.0487
227.4525
207.9665
230.151
237.1284
236.726
210.1126
193.227
146.0147
185.5624
157.3346
478.6056
257.5361
257.9614
254.6528
254.9244
228.0031
217.9886
239.225
230.8364
220.3966
246.0861
243.159
293.8756
238.2915
234.7522
225.9311
525.2089
228.3404
222.1859
236.3418
290.8847
291.2628
233.9114
235.5828
292.8311
295.2245
294.4461
241.5768
239.1083
227.4791
235.8654
307.0793
165.8143
391.4276
210.4465
311.7793
389.5959
386.2838
222.8755
219.7393
214.9208
248.6881
291.6558
292.8818
216.5344
248.863
303.3438
225.5654
181.6315
212.6554
498.527
433.262
190.3815
237.2662
322.4334
306.8362
247.0855
251.1937
248.3166
226.0451
249.5467
249.8007
229.8897
261.3796
384.208
311.8148
242.6628
210.2602
205.1257
621.38
227.966
228.4949
211.7046
245.0631
214.1617
242.6104
226.0954
229.2273
230.3465
621.5929
244.8207
240.8782
253.1306
303.6324
295.6051
293.5347
300.9399
301.2713
298.6986
301.1535
300.8414
294.0111
205.0409
171.0921
257.7305
224.0175
224.2447
288.7061
222.2421
223.9351
225.7311
214.0993
202.4534
223.0006
226.0203
225.4273
211.1433
223.6486
248.5732
220.1139
221.7855
310.5368
306.3665
320.9321
243.1907
337.8204
221.5848
277.6737
524.4203
220.6915
269.9086
369.196
206.7723
234.2361
340.1808
490.0994
483.4203
484.1312
493.2736
237.704
497.5419
483.4977
490.728
240.6846
495.6899
483.5899
132.686
161.2526
161.7571
162.3589
132.1668
192.6266
221.623
343.7887
405.5778
499.0995
554.9607
552.0652
362.8881
367.9484
360.3854
355.7961
235.5832
235.6651
256.0486
252.0825
222.0303
266.702
209.7066
230.1153
227.4415
283.4232
282.8746
278.7785
258.2932
227.9259
97.4315
97.4567
221.6424
217.1503
284.1488
243.8149
277.7926
204.7751
544.9116
76.1043
208.978
93.0638
93.2105
206.7859
250.0493
201.3064
534.1461
540.9646
205.451
207.4571
198.0473
203.5708
540.6384
539.645
403.5388
246.6291
539.4718
536.1971
531.9894
528.5691
271.6501
198.3307
232.4727
419.055
197.6505
201.8657
234.9645
222
226.7635
248.4876
526.2996
227.2752
221.7075
224.0808
347.6308
256.8152
235.9046
327.499
225.0732
204.1158
257.1174
226.8
219.3742
218.4832
243.364
211.9776
221.4106
148.1878
209.6629
192.0579
262.3821
213.7203
199.865
217.3231
212.8233
141.8893
257.3926
190.7813
190.5504
195.9706
203.3757
217.186
297.898
244.0264
471.9871
231.9742
191.3933
194.7185
545.9442
216.4837
228.6918
203.806
409.4554
209.0185
232.5448
215.5293
253.7649
223.3027
204.4774
221.1066
532.7284
203.6616
259.8522
205.5842
265.1536
206.2
260.8181
211.2019
178.7235
217.3419
232.8261
251.511
250.2411
249.7697
246.6988
244.0862
234.218
168.3679
257.8217
246.0042
221.7021
215.8177
197.0747
194.9787
201.7275
196.8667
201.0063
229.0897
222.1391
218.2357
216.7925
200.1711
193.8432
308.8698
240.9246
215.4955
232.5758
232.6428
192.8928
171.1678
168.9112
187.1478
201.084
343.9918
132.5393
140.2688
197.8479
185.5411
223.9944
166.7321
204.8506
216.9113
220.4553
215.839
264.3961
200.4748
500.7513
162.6496
181.5754
199.4714
208.908
208.0249
208.0543
286.7694
133.566
198.5272
141.3653
232.6938
215.7541
234.7056
248.5193
175.0439
220.7008
193.3379
192.2408
187.2247
226.3104
217.6006
190.8991
275.9261
220.31
226.3659
214.4786
341.1221
214.8308
269.9058
326.8087
214.4359
215.6379
217.2305
229.8011
217.2466
214.9493
206.7423
417.1257
246.0411
328.4565
231.1718
243.4191
191.9469
221.4934
255.7623
231.1913
234.8364
219.2901
172.6012
311.5317
251.5267
244.8022
231.3049
281.1627
210.7383
230.6139
257.7262
204.8628
498.1186
514.3206
500.5588
223.4839
219.6256
227.1403
210.5864
218.9457
292.6807
223.2465
294.14
277.255
293.724
290.9752
290.2249
298.3866
218.6523
477.159
222.0519
297.6102
203.2088
220.1189
256.5354
269.751
516.3907
225.8091
223.3277
222.1449
93.9283
271.7788
220.2175
219.5295
493.6624
311.9126
331.6198
308.7327
229.3542
213.8995
170.3789
306.1239
312.945
305.9138
304.8814
308.553
291.912
290.9146
289.4978
292.3213
464.0947
467.7645
471.9054
395.0306
476.3343
477.2258
474.2896
471.6037
467.0135
464.7842
470.6925
300.3369
297.7922
328.8359
393.1094
258.2822
216.5347
412.617
215.6611
409.1583
222.664
113.2828
120.6931
125.6356
118.749
112.33
118.2861
238.0532
152.1368
200.4965
193.2341
180.5529
243.4475
199.361
229.0547
549.8535
229.6137
214.1599
211.4223
233.2101
203.9003
206.6175
267.4249
254.2321
505.8709
200.6604
201.1286
247.412
199.762
194.9795
127.1905
126.6995
210.7445
200.955
200.3926
271.8922
242.2248
246.8821
236.53
304.9155
252.968
257.0656
168.8258
240.9378
214.3835
527.1391
247.2874
222.7327
242.5867
354.7178
348.7361
345.2381
341.647
223.8477
221.2286
345.5602
350.7515
254.8708
204.9598
226.9632
207.0662
258.6313
209.941
240.6605
232.1024
300.2292
318.1652
309.0696
270.8222
601.1358
608.4503
259.713
268.9215
297.4599
492.8562
254.3854
298.2047
93.8247
276.0079
280.5438
227.1257
606.0197
271.857
219.4265
104.3795
58.1355
316.7369
306.4198
206.9981
307.7047
230.2127
223.2175
300.5151
339.5
339.8247
340.5039
341.1988
226.2277
229.9083
231.2471
196.8024
218.0973
213.1946
294.038
329.5288
327.6772
312.2113
312.6707
301.7868
300.8593
319.7511
302.8592
292.4611
227.1574
304.7299
303.6534
327.1141
293.667
297.2716
322.7967
311.6205
314.6661
302.3946
510.9409
528.6596
617.8045
619.2798
288.5009
294.4503
397.0134
291.3074
225.3471
384.3342
385.3774
495.8694
347.5893
311.3575
218.814
353.0613
352.2512
331.7452
336.0165
340.0059
341.9873
120.7467
254.7504
343.4376
365.1606
316.2071
348.9538
319.4192
343.278
346.5728
333.4661
319.2192
148.32
240.3015
234.2613
233.796
197.1552
385.1375
395.6294
610.8582
235.8415
389.261
539.7363
244.6356
388.0051
545.3407
540.7094
545.0182
545.7209
201.7379
197.9497
194.5532
342.9342
322.5106
196.5104
286.7582
228.7351
249.0973
200.3958
217.2927
204.8553
276.0859
179.2543
232.404
188.6194
225.5177
224.9445
360.3338
490.283
237.9421
484.7757
277.7526
620.1002
193.7674
238.6691
221.2177
263.0959
267.5369
315.3944
231.0659
230.2521
291.5645
278.9253
271.6859
91.7985
224.087
229.8337
370.9435
233.7784
199.1598
229.1901
280.7743
175.3469
295.4381
286.5192
174.9066
298.7577
294.6613
270.9524
632.6279
218.9932
299.3598
300.7828
491.6891
488.4613
488.5784
485.3842
437.0624
466.9306
295.7679
556.4684
198.1652
562.9651
562.7134
556.6831
583.6812
574.1241
581.1877
573.1442
585.7022
583.9477
585.3403
484.7374
491.86
194.3379
248.431
243.8853
193.4565
194.7702
232.7472
272.8964
425.9064
197.632
490.4151
531.6463
282.6092
543.7164
212.5346
209.1174
122.173
117.3385
124.4922
121.9145
397.2329
115.2882
230.7036
155.4895
226.1181
238.527
117.5164
107.4183
205.0087
421.2589
264.0698
268.5139
275.8276
270.631
217.1345
262.3964
424.3854
119.0559
427.6575
427.001
542.0196
436.9804
511.5231
507.4949
515.6973
511.6651
525.7954
523.6648
507.3558
229.713
234.9122
231.181
237.0868
249.4262
245.5089
240.6867
239.8964
227.5861
166.9808
230.193
235.1465
239.2737
244.5136
248.014
223.1858
204.6584
181.0816
183.3873
131.1204
126.9736
76.0021
88.9498
299.7246
127.3868
121.5847
130.834
331.792
134.0693
156.1564
225.4938
186.4817
235.0253
260.1241
150.774
634.3897
235.1868
195.3004
205.2249
199.8936
353.39
203.1506
193.5407
221.2919
267.6726
532.2209
528.5602
140.6807
186.6744
226.3613
132.5002
226.5621
160.3468
216.7449
208.9803
620.5237
317.3206
234.7826
309.6537
232.5427
328.4809
297.0958
298.8011
218.0743
256.9805
491.1663
486.2949
478.2305
506.8235
505.0061
497.9683
499.348
210.088
102.746
105.4341
346.5182
267.7325
532.9253
145.2013
140.6336
252.5561
265.1614
238.4609
211.4105
211.3123
238.9461
238.0126
243.529
395.7682
614.1721
518.4417
224.3424
126.134
312.0819
311.2241
230.8169
107.6921
206.7833
164.2335
214.9464
235.7916
194.1944
211.2821
87.2189
259.6249
546.5205
264.8988
218.2471
225.3121
206.5821
145.6402
284.8447
206.5951
347.6107
222.2116
351.649
215.528
219.2602
222.9833
162.5865
221.7712
195.4766
178.6752
494.3146
128.2383
112.8999
216.5489
224.0276
213.4607
211.7577
119.2607
216.3695
119.947
200.1723
244.8645
465.8169
204.615
170.8583
360.5402
193.6593
221.5612
178.2746
218.5253
215.1186
273.795
448.7359
205.7465
189.1455
240.2517
265.608
286.2585
230.2327
228.7619
252.8009
269.4582
224.7387
189.3803
228.5287
225.075
233.6929
355.1489
271.809
311.365
130.6734
118.8243
619.4918
223.0979
247.1228
221.1173
289.3991
223.6843
246.0286
225.6986
289.3635
214.5691
297.1008
240.293
250.3314
210.6738
320.1433
245.7548
255.3113
224.1097
181.0411
197.7284
213.0745
228.4535
289.9799
220.4975
303.6521
170.1732
322.1548
319.8611
327.0074
240.9879
248.4439
212.2501
232.2195
222.7796
247.724
192.8388
506.7218
213.2972
208.3194
241.809
397.0923
202.1808
384.082
216.3013
221.5269
392.735
383.4865
555.5467
280.5589
556.3165
349.4376
389.8277
389.3772
390.4576
383.2682
204.2906
216.7042
480.5589
234.0446
478.9543
459.2325
469.9863
451.9021
392.4398
538.3853
545.0158
544.71
480
100.62
544.8673
332.8241
215.7735
538.1283
331.6351
208.6001
163.8434
298.7056
177.8568
87.0638
193.8378
124.1637
208.7937
210.4768
237.257
186.0274
182.2978
139.5614
202.522
205.0094
205.8109
251.9572
196.1195
195.2987
202.8552
98.5039
200.7024
174.4201
209.3768
201.8483
266.1581
167.8005
213.6783
126.6029
134.3517
119.4669
518.3994
216.9372
216.5985
105.6003
208.3632
218.3789
252.8683
498.4867
114.1249
231.2244
155.1222
223.3091
309.6719
195.5536
226.5889
210.5805
219.4051
521.5884
139.0907
112.924
504.8264
219.0345
186.6098
219.1819
228.071
110.6743
215.5997
188.621
253.2358
156.7444
214.1831
284.3538
222.4464
105.9433
235.7158
221.4179
188.7088
107.0765
285.4377
102.5452
199.9485
236.7755
215.9321
540.4157
194.3552
188.0615
209.514
112.1888
135.8249
355.0445
210.3873
174.6875
254.6128
214.126
187.036
210.5248
174.1639
215.7478
249.9635
211.8797
192.7501
188.953
229.4359
489.7081
226.1944
241.2993
271.462
240.078
636.8173
145.9728
189.2085
171.8263
241.6039
133.983
111.129
214.3382
99.1338
248.7913
174.6492
189.1496
286.666
252.9966
304.5873
387.0459
229.0711
272.5627
215.9479
224.4633
101.3314
184.6624
290.4437
239.0053
224.6417
239.9096
53.2842
387.4948
220.8489
319.1992
204.815
181.0159
334.7159
255.415
184.1046
317.5618
214.8994
224.4518
254.5299
284.4843
276.4715
250.5493
218.5727
237.1461
367.0055
268.2853
254.0522
612.867
372.0095
254.3294
279.8103
127.8856
212.045
215.3629
369.3294
358.9604
362.6384
364.6937
274.8056
264.2992
250.5622
217.9229
256.1222
246.5073
297.4295
269.7794
274.3142
266.2764
200.5163
267.3036
375.3867
212.9911
188.761
250.3242
254.9874
254.6321
213.5823
125.1083
264.8584
251.706
256.8064
487.2926
286.3031
323.241
236.2505
296.8399
252.7366
480.9935
251.3113
124.0191
261.3265
260.266
124.76
318.5983
377.8961
318.427
577.4665
320.3627
326.7668
104.2011
48.5
67.0877
317.445
349.4767
303.3134
236.4532
214.218
331.7523
322.6558
304.6828
309.1809
309.1603
312.3383
291.7784
309.504
289.4466
181.222
321.6877
199.176
300.8662
303.4717
207.3887
197.8547
298.8664
302.0032
302.4384
300.6304
317.1362
292.3844
364.3962
236.1569
555.8453
292.3379
463.1732
277.4234
383.9139
259.2
221.8454
245.9774
310.2636
500.4565
462.0172
309.2169
262.7066
316.2702
336.3455
329.804
597.8557
597.9728
336.1815
291.2845
589.4168
388.0181
311.1193
237.589
240.5586
182.8539
622.1352
314.2849
306.3595
327.0387
373.6978
370.3037
302.628
367.67
619.5882
621.9491
607.9042
366.3605
329.7249
324.3497
315.3817
322.4525
329.4006
332.3722
328.1068
276.1983
318.1891
363.3744
225.6661
85.9468
442.6538
523.8128
210.0004
267.0765
233.3226
388.1559
516.9987
157.8939
624.7749
325.9452
362.4067
333.0711
328.7984
235.8091
220.158
318.2201
295.5981
529.4025
346.7309
392.3917
214.4587
220.3884
493.0971
392.0819
344.3359
439.3741
397.9609
398.9468
535.9757
221.5701
276.5593
526.8179
562.1202
561.6817
277.61
363.7609
97.1926
218.0715
472.4162
352.162
530.3133
359.9864
219.7608
342.907
535.087
528.5445
548.9458
521.8152
248.4519
558.5851
324.477
555.683
277.7899
239.4324
462.9006
181.3407
228.2956
429.3962
436.8378
154.9494
246.6697
229.0706
618.4124
385.3
229.3855
351.8443
284.6415
282.2991
277.793
244.2734
240.1862
213.5558
508.4554
110.6506
271.966
558.4875
219.8051
219.8934
211.1084
215.888
520.9222
242.9566
211.7956
362.632
210.1035
136.4752
260.7963
203.9161
260.9514
172.4603
203.4293
196.8394
233.7385
209.499
163.4948
178.7586
228.0785
221.4079
230.6113
126.3205
124.0134
217.3528
301.2986
490.2357
223.1747
216.2088
249.5929
423.5192
277.6018
94.2289
289.2916
282.9478
286.6949
261.1062
278.0815
279.3276
256.976
153.5516
283.6502
551.5754
119.4903
219.3287
177.7663
95.46
242.6639
236.6614
243.8578
214.3334
216.1737
158.2228
162.5724
208.5845
224.1485
166.444
218.7893
146.3701
211.4635
475.9912
472.8183
176.1534
217.9288
227.6312
112.9922
204.1204
221.536
295.5425
290.7736
297.386
293.2985
265.9828
481.255
249.02
367.9337
587.9227
216.5168
627.0833
627.4451
620.8951
299.4914
603.7062
606.312
612.9135
608.9284
470.0653
134.447
196.6543
154.8463
220.6434
257.2576
250.5605
255.9092
153.0682
536.2323
265.5624
251.2944
264.0529
630.7783
236.4259
213.0967
208.7789
602.3284
160.8835
163.5097
218.0847
221.0321
604.5592
214.5601
213.8469
394.9571
321.4058
195.508
193.5761
210.5648
194.5706
200.316
235.9606
284.5886
258.5374
67.6621
556.7246
197.8957
277.2938
391.9173
388.2524
206.9681
392.1761
223.499
240.4148
226.7267
232.5462
141.8406
184.8771
176.2541
249.2998
220.8424
177.1636
219.3133
216.9492
226.9806
202.3963
130.3467
262.1917
308.6942
216.8481
579.5405
502.8196
487.5929
497.1997
488.3732
493.117
470.7144
510.1405
222.6689
473.2025
499.2592
264.2078
412.8226
221.5181
220.2977
219.2636
224.9877
187.7785
129.7207
214.776
207.9826
124.8938
130.3943
211.4425
117.496
139.9719
140.5569
200.5257
580.2139
242.5136
119.0588
181.9819
181.4616
172.2139
175.2863
207.0355
198.539
204.2644
159.6478
166.5726
204.1029
205.2429
153.8443
158.6862
168.3455
253.4488
179.8501
206.0941
347.9137
598.306
175.739
200.8311
201.6941
119.381
293.8085
183.4317
200.8419
148.4386
153.6327
591.0995
379.7387
112.2822
108.3921
217.5152
222.8461
183.6048
175.1923
180.5309
145.7712
176.5391
165.8321
179.0772
256.8483
173.4757
246.2203
228.5165
592.6632
125.7238
122.8683
482.6562
208.8294
232.6655
280.302
199.9283
61.9094
339.8812
218.2011
236.893
294.7824
128.0297
168.7492
170.4794
191.1819
282.5351
98.0682
594.187
304.7627
191.4026
268.9829
506.1151
511.9585
214.5992
493.5802
472.1471
483.3887
389.4788
510.6787
232.9404
602.0372
195.0922
606.5695
283.6822
276.874
205.4485
235.2037
171.0899
217.4358
283.1016
170.2706
190.2202
611.8161
215.2532
495.26
192.5152
485.8065
488.1846
584.6385
275.4562
211.1972
272.6764
269.1739
386.5077
212.2427
200.9661
162.0527
215.4563
219.7039
256.2687
231.0056
211.4347
234.6886
227.952
210.6646
222.4208
198.4509
498.6843
134.4872
214.9103
226.9035
284.0314
264.6733
310.4274
214.9133
221.6925
209.2483
201.8303
167.6151
226.1514
180.3844
219.3245
218.0784
512.0951
319.9801
315.8806
316.5134
289.4801
315.6738
319.3114
318.2117
176.059
191.7323
231.8118
227.4546
397.4935
347.4663
314.36
314.8908
136.9
289.5332
210.6841
303.1464
555.4345
379.4154
587.592
330.9128
396.9238
339.4005
298.2634
334.9148
267.5721
368.6087
297.8047
214.8278
358.81
359.9468
590.3845
356.3507
581.7256
383.5511
338.9818
451.5874
606.1763
369.7968
269.9986
223.4506
212.7748
134.0592
205.535
386.7631
308.8346
343.2023
444.2417
351.1454
606.4037
630.2014
340.6687
271.8054
591.8246
358.7869
342.9114
398.8772
276.6878
517.8654
228.2664
244.4626
562.2587
202.2388
527.7495
533.4712
331.8088
583.9928
281.366
549.9204
439.7655
462.2194
453.5159
446.2637
450.1127
448.7056
440.1605
248.3733
172.0109
460.4788
276.4933
196.4057
449.7102
577.2365
240.475
238.2559
582.9531
447.65
448.4498
544.654
204.6892
313.6836
238.1322
464.1559
353.2072
585.5754
518.1115
505.7633
324.3591
434.5498
436.6406
208.2478
439.3657
334.8668
251.4318
322.588
322.8681
416.6551
99.6124
548.9257
422.6327
455.3724
453.1783
201.6315
490.5562
491.2951
185.2507
269.9834
381.4416
549.4236
476.7273
462.5805
480.4118
199.3155
242.6568
461.3741
473.384
233.693
220.5337
146.9561
383.1375
514.5333
112.7958
213.4946
437.5655
303.7184
310.8559
180.9295
512.0762
252.4545
188.1831
256.0686
214.3567
509.0662
242.8699
211.3615
66.7722
246.2982
325.8257
264.0023
133.6813
308.9651
106.8981
267.6177
321.3736
303.1864
456.3672
392.4114
133.6934
421.6118
213.7985
62.8848
88.6022
77.5567
83.6003
131.2253
137.5305
552.2061
157.3656
200.4103
127.4956
140.9262
267.0595
138.099
101.5264
89.712
160.1411
103.4402
230.7768
98.3952
195.1743
83.4614
270.1426
115.998
120.337
172.8907
191.6093
346.3272
89.1463
204.4362
198.1007
129.0505
162.1231
258.1326
374.8342
514.1353
160.0128
99.3846
199.967
123.0848
211.99
134.4784
311.5389
279.9271
128.6
127.9469
119.1061
192.1653
136.3754
213.3751
297.9393
191.0496
284.324
161.8526
139.7816
164.4409
241.2025
181.1993
123.5459
165.2912
206.4933
187.2035
116.4872
165.5131
172.7889
221.1374
332.8633
160.4893
158.4498
330.6901
280.2184
141.3446
255.2137
261.4621
182.0324
193.8672
227.5802
172.4929
159.5582
247.8663
150.0914
260.878
180.5593
58.3244
187.4727
205.7976
233.5355
170.4494
171.3546
162.6953
180.3612
621.8538
167.7956
259.3806
124.0072
393.0159
204.6141
156.682
162.7125
311.6625
209.3325
179.6725
190.9882
211.8729
188.7935
213.2041
210.106
217.9393
228.5917
175.9661
184.3113
167.5012
60.3835
222.3689
184.1175
361.1941
215.6128
172.9018
225.1533
203.694
419.8489
217.9854
501.6266
214.1408
132.0295
204.722
200.3066
232.9572
553.8378
185.0522
139.5097
184.0437
180.2003
162.9273
154.5735
214.0527
194.0819
119.2539
217.4282
226.7459
178.2587
181.5552
495.0422
475.0237
507.6167
499.9355
84.7355
204.7599
383.0396
389.9334
386.1981
472.6412
469.0744
207.8918
380.4192
374.4722
209.4248
170.2535
210.88
267.4751
438.9844
139.1477
216.5789
270.9682
245.5536
218.8958
233.5077
234.2995
136.7221
182.4333
217.4448
268.2857
608.9961
218.8014
173.3149
258.3225
242.6937
176.1487
238.3879
232.7553
226.4481
227.9666
172.4556
125.4776
223.1101
284.1451
250.1517
293.0727
148.1174
264.3557
123.2817
301.211
469.1494
284.536
223.2955
279.4642
174.8855
239.4088
284.8851
280.006
364.6027
283.2639
211.9149
212.9365
238.3555
377.4403
374.4479
264.0149
224.7586
124.8589
225.0266
218.6789
127.3092
219.5029
129.7575
222.6711
229.0769
214.7636
150.918
214.6112
223.7366
212.2446
268.743
273.9711
302.5437
241.4413
120.9085
208.2109
221.0645
262.6365
277.3552
217.4407
238.8446
271.3071
343.0411
221.3352
193.4029
210.7021
266.982
92.3935
206.5478
233.2815
235.6192
212.2041
259.2329
233.583
226.043
214.4845
217.8001
602.745
628.577
243.0675
253.9586
241.3378
234.3975
177.3017
381.4555
272.0143
238.4223
234.3179
249.7523
184.2686
230.7389
225.9735
245.3327
222.8872
283.7313
610.2183
447.4811
379.4619
161.8327
500.913
304.4222
496.0313
615.4542
297.0441
287.9969
244.3103
282.926
270.7314
110.4378
212.8774
265.2923
561.8174
237.8174
197.7855
328.1043
222.6865
301.1442
235.9606
134.8124
306.0933
305.5394
301.9036
206.6156
193.0676
250.1828
390.4523
209.3725
367.2492
327.7198
392.0601
344.2572
197.9236
204.4534
235.8071
319.7666
603.371
386.9573
607.254
145.565
278.5215
181.5494
226.268
241.9784
305.4769
308.7819
213.1807
218.3427
240.013
225.0791
284.9316
139.7734
168.2033
123.285
213.4946
245.7803
610.8817
461.3434
477.6328
370.9428
583.2797
380.112
325.9408
274.4043
388.2418
241.6063
239.5477
228.2744
611.5409
600.8255
237.2548
596.1266
605.3537
600.7393
395.1212
330.7595
608.4627
360.7855
590.5902
324.8769
316.7894
318.5333
309.9824
626.5235
342.9837
358.0003
365.8916
261.6607
354.3252
329.4675
359.1464
304.1563
301.1311
293.5534
305.1899
292.655
336.6486
269.0995
226.2602
357.4844
340.6518
344.9484
331.8764
173.6119
310.2833
355.114
348.6378
212.2448
226.658
274.4115
256.7082
391.8284
285.6229
298.0578
634.6121
620.5306
402.1346
604.3153
596.2769
281.0908
641.8666
320.8794
326.5136
343.8442
343.167
48.5183
569.6204
329.0892
387.5827
234.0555
374.3452
373.0156
332.379
365.9954
339.5116
308.73
338.2514
346.1245
302.6957
382.6101
321.6502
337.3788
302.2693
219.3419
239.6903
250.6786
595.7023
345.8066
220.6234
360.9951
274.7228
228.4861
355.691
356.7289
557.1413
375.3503
290.2116
544.6319
569.9644
557.0345
568.318
291.4264
277.3239
237.3205
242.9516
315.4723
466.3421
155.1531
462.9648
536.0892
491.4113
548.5935
433.7989
444.4944
469.8149
289.7946
95.3663
190.7366
324.7577
528.1074
557.8065
502.7733
229.0712
139.6331
232.2709
291.0106
356.8447
218.5635
383.6056
492.4776
152.3602
516.1363
211.1841
376.7493
522.3733
544.5901
446.5302
96.5073
225.6444
567.851
351.1564
557.7748
541.2012
501.4226
439.4772
516.674
420.8172
346.9372
332.9276
468.224
564.5074
478.3007
194.6072
210.5548
98.3216
190.2558
522.4223
136.8662
530.2095
219.6016
117.1038
315.3128
502.6219
430.274
203.0951
391.1342
419.25
130.3586
302.6352
286.3146
474.2183
98.8808
231.6773
612.3426
535.9694
321.6816
434.3759
629.788
352.1968
217.4839
210.7692
606.0444
529.1925
471.443
533.733
466.5365
231.5246
512.8508
309.1592
513.9402
518.2613
196.0499
611.455
195.9214
119.6353
443.9791
547.8132
84.5554
476.2008
192.5603
247.3943
544.2186
198.8655
463.2392
237.2457
453.4398
390.9683
533.8872
460.7628
143.1394
310.2828
341.299
389.0514
219.2249
468.8314
197.5219
559.2854
458.78
305.293
330.8572
201.8093
324.8915
633.231
264.6885
198.0681
327.3766
239.7069
209.0827
498.9768
420.831
476.2252
598.9774
278.5059
202.8755
206.0924
452.2288
349.1257
453.5528
193.843
196.1444
479.6812
612.5473
628.187
447.8678
608.6757
247.2736
290.2542
216.985
70.0564
117.0339
339.55
217.2125
122.0097
532.5459
456.4524
235.598
556.086
197.6977
123.714
159.7675
467.0683
461.1133
554.8041
240.81
467.4401
197.1941
315.6461
339.9482
154.2908
462.1637
434.6493
202.526
186.0157
403.3016
458.3659
105.7917
460.9274
223.1788
466.4395
242.9703
454.2172
220.4041
247.4338
243.4337
104.8487
457.1033
127.8336
170.5041
72.5723
459.2916
132.5673
462.0757
197.3584
232.6036
462.8409
91.838
517.474
298.7083
351.0947
210.294
140.298
389.2129
480.3192
106.9912
240.9156
189.1177
131.9982
230.2801
129.5502
100.1113
449.4027
109.1217
111.9013
397.7837
72.1079
456.6149
622.5028
203.0292
215.8697
111.4385
232.4935
189.434
477.4246
452.0295
328.4442
241.5008
161.9691
76.6253
74.9242
70.0537
245.7218
352.7743
272.2484
378.2901
122.1597
637.3163
176.3539
233.3232
64.8557
348.0131
237.8454
188.6617
235.3235
229.9706
55.0039
137.9837
125.6941
146.4488
94.5521
83.7341
239.9073
469.7071
126.1867
308.3445
242.997
128.4558
209.4187
376.715
133.6547
472.6152
109.5972
89.7738
464.686
58.0228
131.3591
139.0423
133.3539
249.985
208.0313
105.0933
311.6512
160.5241
106.7728
324.4583
236.2722
228.8245
390.6895
133.1969
132.927
192.6363
130.7451
108.4438
103.9877
244.262
250.0632
454.9787
599.9836
69.6024
271.7945
255.9938
107.4259
208.0054
190.9615
242.3134
125.5338
135.4001
621.1701
325.825
56.4029
500.2382
407.4852
244.3636
512.457
494.1238
256.1281
258.6401
115.8914
221.2172
427.8434
186.0581
209.8585
191.2266
70.4633
166.7531
228.0813
333.4429
197.5929
92.6398
60.9879
152.3403
57.9721
201.3179
165.6853
166.9596
395.3049
123.4988
395.8746
330.4421
466.0852
214.7942
328.1402
116.6125
198
476.4817
221.1888
628.8456
173.0161
145.6402
456.3768
152.5026
334.7496
146.025
124.1005
400.4259
557.4728
104.2294
222.4975
211.5555
180.3912
160.6874
60.2479
203.9514
156.4883
487.6533
352.0567
202.2765
123.0468
224.4775
119.0713
180
160.9851
211.267
203.7663
204.0121
461.929
509.9363
462.4398
201.5916
322.7894
222.2805
158.4307
233.2855
151.53
284.8644
231.6912
133.5451
234.2755
122.2247
224.3864
149.8219
211.8109
232.9341
137.204
226.2111
126.2846
139.2267
300.0538
226.7617
229.8718
232.4616
208.6804
231.0813
163.5892
220.9349
491.8502
165.0055
549.9882
287.5789
129.0776
209.2503
141.1133
127.3044
114.4849
187.702
202.0314
131.8688
147.185
121.6085
508.2879
218.8354
65.5375
108.1448
500.0381
638.4566
279.4081
140.0924
153.2995
503.1505
152.4282
205.8733
96.4083
199.8309
294.4349
210.816
155.3372
163.9649
163.224
115.4691
221.7404
548.298
206.3564
502.3769
121.4122
207.4841
210.3976
496.3656
171.053
273.7519
85.8286
141.6236
210.8324
158.6067
184.8018
471.294
271.3548
165.7928
206.5233
177.2396
130.0713
123.2303
134.185
401.1041
124.9975
555.9217
158.7017
136.797
84.7713
545.6397
131.8671
119.5219
388.5633
165.8425
621.0158
189.6208
138.5987
199.3222
211.1184
171.4043
263.7397
184.2861
161.2992
279.2034
160.3691
188.1709
260.0924
107.7777
154.5601
58.8172
77.233
210.936
142.4714
215.0113
135.509
132.7471
285.57
195.5222
116.2919
490.2794
214.4478
212.8709
97.1613
381.547
327.8775
475.039
119.9389
388.558
221.9145
236.2095
254.7488
184.1814
222.123
150.0763
178.7168
141.8721
345.1555
121.7864
505.2398
222.9935
263.1324
327.8736
222.9048
131.8445
170.6474
203.429
179.4342
203.4127
209.3692
185.4556
231.7634
270.986
211.9298
619.6706
143.7159
126.2652
225.8296
225.2397
183.4051
146.6613
103.4448
286.8338
159.0972
202.7223
152.8979
202.6587
145.3145
231.0967
235.287
166.6567
139.5746
415.3268
500.2339
284.9126
451.8604
292.8076
173.9234
268.4561
229.2452
158.7489
307.298
68.6135
233.9508
114.0431
185.9835
184.4772
464.0931
150.2906
391.7135
280.9281
224.8756
245.7265
220.7332
191.8346
179.0035
366.8951
319.4466
239.3409
141.9988
324.1586
183.3506
163.8692
188.8175
154.4267
252.3779
128.002
155.0798
264.1884
534.7638
278.5911
127.0833
369.2857
465.578
158.9561
336.9868
291.4217
178.0114
246.1195
169.7405
250.2374
425.2697
222.208
177.1802
165.0217
201.5042
541.3664
114.4611
74.8555
631.8054
123.9547
282.4484
196.9323
545.9688
123.3143
210.2733
308.0635
236.3556
555.9546
358.7241
377.6528
244.8241
162.5866
499.98
533.5835
170.0173
210.6531
209.244
191.7115
217.4253
345.2659
198.8868
184.8582
121.6408
265.1405
111.3891
298.5577
494.3645
224.9328
88.3982
329.5485
186.4929
355.5811
224.726
574.939
197.9242
148.2277
285.3717
175.953
216.3305
140.9263
311.6331
140.7746
60.4385
120.9245
183.5023
168.4512
172.0712
356.9518
251.8184
228.9653
125.9307
239.2554
130.4892
230.016
455.0451
132.2607
199.9083
234.8802
203.2121
183.785
229.3556
286.7896
285.485
257.4029
135.9566
248.3449
199.4444
200.3377
225.7011
237.3206
148.8344
255.4181
476.4441
232.8857
576.7341
150.1239
121.7008
161.03
251.0755
203.0464
176.5349
135.1176
162.3064
151.4265
417.0547
184.873
165.5606
85.0048
239.5125
61.1763
115.4716
204.2677
139.3099
209.2188
224.7034
209.1833
161.4201
186.3687
249.0509
227.6752
384.0354
451.7104
270.4761
221.9542
607.8586
249.3985
159.0217
201.0999
347.5967
309.1339
510.1601
186.6312
483.949
361.9096
501.4176
173.6977
201.4828
218.3927
357.9534
191.9683
561.3616
131.5779
271.7386
165.3632
191.4997
421.3408
483.5089
204.9078
217.0914
217.5715
188.6293
388.5966
230.511
238.1545
129.5875
234.6986
206.6904
224.1867
206.3939
612.2323
105.7763
183.1142
235.5673
285.889
254.4968
601.5209
296.4424
600.0559
122.6929
121.4049
190.1627
218.7755
165.0705
177.1359
237.2887
225.1388
181.4219
521.6464
253.7884
231.9298
218.6851
221.8744
143.3735
162.4608
217.9815
209.1097
217.9767
229.5202
227.9142
162.8374
224.6438
188.5117
174.3177
215.6824
172.6307
200.7431
261.5697
383.0687
240.6598
280.0191
181.534
197.5939
516.5968
201.947
215.2042
253.2785
200.9457
148.7552
152.7872
520.7252
238.6245
231.0288
278.4541
128.0552
162.043
91.7709
296.8537
68.7387
210.2492
231.2849
335.2823
215.2035
129.7427
274.6691
396.9244
187.3607
188.8554
391.7768
204.7017
226.5932
189.7226
260.142
191.961
207.6859
237.614
205.7599
445.5735
157.3942
207.3739
275.0806
407.0275
225.0416
227.0857
299.8609
197.094
303.1672
270.4445
55.86
247.57
393.0298
253.5589
249.555
317.7003
256.0198
470.75
229.9683
471.3343
232.1182
224.3712
271.8904
131.6267
236.5613
405.5662
583.6726
198.22
244.8624
182.9989
203.2776
140.7636
193.246
217.3053
207.9355
245.3879
197.7736
219.2118
397.6212
63.4206
217.9101
164.3181
545.0037
269.644
206.3317
400.129
228.0187
132.9724
389.17
246.3799
210.8201
141.6851
189.5691
319.215
207.6745
255.3685
223.5917
175.7572
286.8219
554.2091
592.1626
217.9524
232.9741
259.2391
133.3279
549.1591
309.6789
195.3359
255.8864
211.5413
541.4262
217.6869
195.0066
539.9557
220.1321
222.6167
215.264
551.1701
545.9348
233.2479
245.7958
534.4127
238.7727
198.779
306.4845
207.4555
235.3873
118.1749
233.7424
161.6511
629.5903
247.084
263.9407
536.1055
86.6011
398.9929
218.7021
121.5152
198.586
161.4375
136.1165
246.8806
550.326
552.3966
134.4275
192.4978
216.118
258.7303
545.5676
220.6502
207.2573
519.0096
272.7602
259.2516
303.8529
150.6026
245.3905
94.9228
226.5361
227.5975
551.2202
275.2886
527.4554
218.0277
220.2136
102.888
315.2235
204.5444
301.9413
292.0492
210.3314
184.2373
176.1119
372.7968
526.6655
216.7061
528.5612
336.2678
266.3837
404.5267
211.086
250.8285
169.0558
233.8258
202.5673
163.1245
226.9269
349.2514
270.8263
216.419
272.2259
187.1186
211.3447
242.3925
226.9861
151.8328
247.9146
347.9144
313.7603
168.1672
205.1646
215.4329
350.5717
191.1342
189.9045
207.3612
242.7676
200.263
193.8906
215.7571
352.4257
305.4049
243.713
190.5861
286.9682
294.0866
244.585
247.6168
207.157
108.5422
211.3424
229.0178
229.7869
136.8125
229.9134
221.8307
176.0217
309.6907
269.3628
277.1415
279.45
214.7419
195.6733
246.1616
198.7496
300.1526
174.6306
229.1497
255.0291
619.2411
233.3098
256.8094
351.2556
370.7375
247.9031
201.7611
240.3478
194.6896
206.3501
248.4214
147.3051
451.5759
255.7443
207.716
233.7861
209.5019
234.11
235.3958
279.3779
298.3123
222.0812
213.4152
99.4244
220.7701
245.1149
380.5211
228.8332
209.1382
233.4967
224.1489
278.7686
240.4067
238.9007
235.5173
375.4673
184.3025
244.6087
501.546
263.4165
173.3904
258.5356
259.4395
221.4313
258.3791
280.9567
165.2912
321.5234
167.3441
265.9674
247.4848
346.8346
232.3277
547.0369
200.8046
230.2315
249.0394
273.0197
190.3511
290.486
141.6519
343.5374
212.4428
213.0845
311.5926
322.4971
99.4956
163.9376
199.7827
236.2545
278.5904
232.9761
227.9647
550.3342
140.3312
553.2983
230.4334
218.8604
203.1494
217.5084
215.251
556.8108
276.5134
577.6683
205.0161
411.632
213.7624
206.1999
205.0284
172.1083
456.7605
453.5794
323.4204
308.2383
208.216
350.4955
286.1741
187.4299
239.2571
170.4841
264.3777
223.8244
210.6404
190.4717
266.22
228.2416
256.2353
569.4998
147.8048
148.1867
221.3453
320.5332
448.4177
77.5951
279.2851
145.8419
216.8809
287.7763
216.9695
255.5653
194.7794
239.0597
211.467
192.5734
298.1531
229.2368
178.9137
211.733
214.9805
141.0585
237.4351
460.434
235.6209
233.1647
233.0858
518.5087
402.8249
484.5628
232.706
628.2672
251.1639
205.8706
249.1228
227.3455
623.5406
583.7192
147.4642
262.0535
208.158
275.0682
352.8636
224.1775
232.0282
299.5864
200.8248
243.5061
253.8404
234.3854
329.3447
244.6002
359.0637
220.0794
153.6575
575.0121
323.9725
444.725
188.9577
147.9231
479.6667
203.8163
267.9743
252.2334
116.8657
469.829
216.3434
236.0998
166.9035
325.6935
324.218
234.3807
389.7492
102.2618
121.0019
273.9871
232.8507
502.5139
450.9118
239.9802
270.8573
208.3249
178.0316
254.6607
289.6275
223.1298
635.7789
283.4325
117.4085
269.6399
241.6067
305.0778
415.6309
271.1067
501.1774
299.0217
326.9632
244.3468
231.5877
225.8175
635.1533
284.1482
216.8672
234.7641
219.5274
227.0752
627.3132
264.4814
328.0343
525.0803
523.7433
252.165
508.1366
246.4663
263.3609
638.0596
569.8197
219.4861
304.3643
316.958
307.7651
236.5757
273.5048
642.181
296.8711
187.9532
261.5165
180.5455
323.1986
167.0615
184.2777
303.8413
176.6958
502.2047
305.0049
376.7563
156.9567
302.0647
206.0991
223.4221
309.4353
365.9698
298.0574
624.9282
302.3712
627.0677
296.7345
319.5999
214.6369
603.1254
319.775
186.6952
190.2464
235.4014
302.8877
196.8139
192.8692
632.2861
228.2532
618.0043
355.4157
591.4364
289.8381
277.1204
341.8498
201.6845
622.9413
228.4229
636.2505
194.7315
357.3048
369.2318
298.0454
349.4731
220.825
329.0398
375.8214
586.4482
272.4454
314.5789
297.2815
609.4499
626.3424
273.5314
198.1962
277.8279
617.2076
304.2823
230.6837
172.2341
235.757
609.2977
613.8327
293.1572
248.7215
198.8993
660.8834
605.7056
224.2204
194.3268
566.3045
225.9948
258.7137
391.6132
285.1116
195.1799
287.4389
352.6246
288.0674
67.3735
319.4271
648.9298
293.7657
319.8527
313.731
192.8407
225.4378
646.7106
327.5383
590.2639
383.8635
580.8151
473.8366
300.9749
164.4516
327.9039
238.4211
225.7865
305.7976
193.8049
234.6978
355.1301
557.7656
611.5304
376.4504
298.2149
188.6976
623.8485
605.9814
373.7667
320.7189
209.6744
620.0185
881.7966
231.569
649.3667
382.1595
275.4225
209.3905
567.5947
329.0566
618.5013
193.697
351.0279
634.184
322.3844
289.7691
292.3992
228.3778
600.6575
229.4654
560.0396
610.7381
259.4024
225.3882
315.7068
512.2965
634.9024
70.7548
667.1812
468.3006
220.2678
622.9764
317.3446
236.5072
632.9623
396.7933
340.9863
634.2692
465.5399
236.4912
315.1623
141.1405
408.3205
623.3073
481.6273
271.0502
222.9787
114.4332
351.707
239.6585
334.1802
402.7161
214.287
257.4091
297.6186
274.9526
318.9265
223.4189
193.8151
415.238
465.9873
343.5341
237.5762
628.2239
614.4166
86.2686
465.2841
580.0939
274.2408
323.5294
209.4128
137.0433
236.0005
315.7128
560.2986
549.5814
312.3502
231.178
287.2337
234.3966
350.1529
367.2865
293.7366
340.5947
373.7759
510.1586
216.0995
632.8614
628.074
621.8135
524.7809
153.446
620.7248
627.5255
251.189
566.1481
549.2755
224.0642
494.5252
583.9369
364.4362
365.242
591.9019
604.5249
271.8877
270.7649
329.6328
602.4394
592.6255
278.5265
375.5437
318.9979
219.6576
352.0837
236.6226
616.1197
216.2187
297.6854
609.7677
393.9972
539.237
562.6671
573.7163
528.763
356.8257
304.1447
225.2723
330.6973
157.2841
566.5508
379.5424
167.605
198.3794
309.4099
160.3465
316.8368
463.3236
310.1839
344.5467
274.2649
287.5876
310.7147
311.2778
350.0491
282.5045
352.6936
476.7178
573.3567
403.65
96.2672
472.1017
305.6191
593.0393
502.5575
250.3011
309.2673
237.8241
301.5111
209.2643
378.5725
191.8286
360.2153
317.0233
197.1798
559.2305
249.918
541.5807
193.4665
360.359
524.8253
621.7227
272.7886
370.1943
564.2252
323.717
266.0464
365.4434
537.9926
371.5571
275.7
389.7893
374.7246
317.6109
606.8145
347.3254
603.8853
285.7121
230.5115
412.1815
578.8001
236.7363
214.0504
289.8296
364.6995
511.3825
224.5932
404.8076
360.2017
364.7237
263.2445
217.0691
548.8753
362.067
313.7883
368.4624
315.8989
611.4595
353.717
378.4492
229.4233
620.9145
603.7078
191.0639
247.7625
601.125
348.2303
362.6818
137.5877
605.0123
397.7219
324.8791
335.5863
71.6283
217.2683
304.6053
376.9639
371.6318
130.3787
539.318
205.3128
624.4249
516.7032
188.9285
203.7476
347.2909
553.2023
202.2524
505.986
245.5746
242.1985
191.8654
374.3642
280.8835
554.0479
285.4421
373.1555
609.0526
363.7479
573.1601
313.9024
209.5462
608.3835
541.6126
221.2462
367.7544
201.8179
229.9874
123.5081
234.1441
312.8119
151.9241
578.5669
236.6931
334.2194
545.649
299.0842
316.8375
226.6602
550.4298
227.2139
233.08
616.7653
233.6718
292.6789
370.1582
62.3103
181.2436
346.1561
359.3464
129.4683
391.2385
333.7185
331.1555
605.0246
380.5241
322.7584
321.8373
310.7351
223.8588
586.0131
618.1472
53.0634
624.6685
389.2612
561.1466
263.1806
431.2914
348.2777
296.3539
549.2206
516.9627
567.4742
360.4755
561.6526
220.8402
464.6888
312.6863
355.1767
366.9863
295.737
330.1863
283.6587
288.1745
553.4775
340.386
391.0503
284.885
198.6735
534.6971
550.2156
213.2204
633.0556
502.3703
407.9952
213.5026
196.1416
396.0985
543.5673
558.7545
566.8877
463.9173
410.2135
395.591
516.4205
633.5997
368.4655
440.0612
268.135
625.5812
417.0176
521.361
267.9081
233.919
345.2342
544.5746
321.3703
236.7657
342.8123
250.0845
363.4576
122.2688
564.6135
344.8996
506.8819
281.2213
589.895
522.9251
554.6191
531.6208
277.1003
403.6277
221.8788
189.9165
275.2773
563.207
209.5554
424.0092
559.6159
373.6685
605.9209
212.4273
610.677
235.26
547.5462
321.05
373.1252
284.9788
223.7186
391.93
441.3946
376.1471
434.6903
462.6186
453.2205
568.0134
552.0927
412.0105
275.8831
301.3577
614.5528
330.758
548.4614
258.7089
219.0416
251.1006
503.4595
557.1556
98.2607
574.9189
375.7566
364.0909
538.7121
277.2843
445.8857
396.6151
526.5406
557.269
274.4584
94.3821
456.193
316.8116
103.1406
110.7924
363.8103
603.9526
249.3049
526.049
385.5661
284.563
546.046
564.3567
420.9183
611.5491
424.2241
397.0298
546.2135
566.7901
461.08
291.2226
349.5051
201.0129
347.0486
322.6663
333.192
615.8012
360.3496
469.4527
522.2846
588.0875
402.5303
425.5661
359.8098
363.5433
303.4592
418.2543
295.0911
200.7783
268.3564
601.4378
279.0977
521.9969
332.3783
479.9168
208.6096
610.6158
228.9106
340.1313
229.4098
401.2117
313.6954
525.1441
230.7365
461.5667
602.0861
452.3809
413.3441
432.4702
396.2637
221.0421
559.0457
221.8978
351.8756
520.3261
456.6075
225.1553
351.2185
163.1618
495.8435
351.6233
308.6372
319.7017
550.4271
458.7327
418.6396
553.7291
270.7655
396.9279
425.8734
395.1823
521.4317
462.5136
328.6127
231.3482
523.1946
429.0465
541.1353
108.1058
442.4383
569.0033
332.0421
493.4735
322.7663
486.293
188.7518
142.0952
325.1962
497.8576
463.7565
326.3168
372.3828
457.003
326.6741
382.6692
294.6977
419.1448
607.1489
508.1401
159.5665
223.7604
472.3651
435.8697
479.0832
359.8984
373.4365
229.1941
267.3578
210.5315
397.3766
211.5853
529.5993
427.6752
429.4603
510.5766
250.4805
246.5194
229.4067
470.9922
480.7131
509.4374
252.4477
485.8221
447.0638
476.1058
531.0622
206.0519
291.6706
517.8224
527.4939
289.4157
236.6122
575.4106
631.8491
385.8918
333.7705
512.6558
515.9891
439.2988
632.2347
495.1711
364.3528
440.5829
321.7705
335.2156
486.6805
522.7898
198.2323
455.597
448.012
559.8647
516.4888
507.8375
532.0025
497.0242
502.6209
336.9083
195.2608
362.0481
518.8033
313.1445
446.817
447.4573
374.958
334.1585
385.3022
598.0707
620.5385
82.5
202.2036
490.0468
580.0258
491.8671
390.0819
593.9402
494.5701
233.5648
373.9375
292.3438
614.3538
484.7039
561.8805
224.1937
501.93
62.3124
343.7842
518.5171
393.7992
91.8049
525.8079
224.5446
385.6038
469.2084
541.6937
44.3013
399.9002
544.807
228.7188
227.2172
454.071
193.2716
230.1061
220.6677
589.0954
547.3773
245.5282
603.6172
264.9533
279.7406
604.9853
324.7658
551.4348
232.3012
227.4011
441.2207
226.46
432.8508
213.2614
508.1563
313.8199
347.0683
343.9372
528.4101
103.6084
226.1906
551.9742
205.5669
609.7686
229.3263
224.0355
491.1837
546.9514
159.0589
312.5548
)
;

boundaryField
{
    inlet
    {
        type             zeroGradient;
    }
    outlet1
    {
        type             fixedValue;
        value            uniform 0;
    }
    outlet2
    {
        type             fixedValue;
        value            uniform 0;
    }
    wall
    {
        type             zeroGradient;
    }
}

// ************************************************************************* //
