/*--------------------------------*- C++ -*----------------------------------*\\
| =========                 |                                                 |
| \\      /  F ield         | OpenFOAM: The Open Source CFD Toolbox           |
|  \\    /   O peration     | Version:  v1706                                 |
|   \\  /    A nd           | Web:      www.OpenFOAM.com                      |
|    \\/     M anipulation  |                                                 |
\\*---------------------------------------------------------------------------*/
FoamFile
{
    version     2.0;
    format      ascii;
    class       volScalarField;
    location    "2";
    object      p;
}
// * * * * * * * * * * * * * * * * * * * * * * * * * * * * * * * * * * * * * //

dimensions      [1 -1 -2 0 0 0 0]


internalField   nonuniform List<scalar>
7155
(
13.5267
15.2935
18.2744
15.5159
31.4555
28.5462
33.5628
31.7257
36.583
33.7481
28.5107
23.9488
27.3705
29.113
28.7063
32.6725
32.5726
26.0588
23.8874
26.4593
26.4955
30.918
30.7706
44.1586
47.3642
42.6359
39.57
40.7657
19.3673
20.9799
18.9476
18.5844
16.8902
16.0185
12.5309
12.2918
12.0373
11.4947
11.7145
30.3933
30.3045
28.2224
27.9533
30.4479
29.9583
29.6088
29.9389
29.9459
27.9041
26.2732
30.9157
40.074
38.0993
38.4207
40.0257
35.515
36.1645
28.8367
30.3386
14.2659
13.8401
13.8342
13.5728
15.3275
14.1894
14.9724
14.4164
15.2976
16.972
16.9521
15.9385
14.9021
17.7441
16.0314
12.9213
13.0649
15.3451
32.1667
38.126
33.0045
38.5327
33.5962
39.2919
30.4551
41.0994
44.908
41.7069
41.86
43.9962
34.4576
25.9764
24.2699
27.18
26.2034
21.5531
23.3026
21.4977
16.4241
16.578
14.5157
13.9385
15.2956
39.4639
40.8853
36.3361
40.3749
37.3112
33.7925
36.3797
15.6523
18.7765
17.854
23.8263
26.231
27.9836
25.1895
30.5292
29.697
33.1657
32.0685
13.6492
14.5425
13.3959
12.2673
12.7995
15.3764
14.9258
17.4626
19.1001
17.6014
18.049
21.7959
22.5038
34.2911
32.9957
29.4442
27.8517
23.1499
25.0383
29.9167
35.4527
28.6515
28.0715
25.2064
23.7709
24.9158
19.3883
20.17
19.4653
20.2859
18.4226
17.4763
16.4678
18.4049
17.6145
16.5245
15.9453
13.1605
13.8577
12.9197
12.6681
11.8555
12.5797
15.2481
18.3489
39.1114
37.323
35.9336
34.1249
32.0483
33.6092
30.8396
27.6365
27.4963
37.1141
32.3784
35.2131
34.2227
34.7677
33.7995
32.7074
31.9476
32.9916
33.7086
32.5469
20.9632
23.2673
20.8186
18.739
12.8729
11.4412
13.1069
14.9478
14.8589
15.6271
12.2401
12.2891
10.5008
9.35
9.7184
9.9685
10.1161
11.4181
13.6124
41.8678
42.2679
36.0338
15.0587
15.2874
16.9491
18.1376
18.9945
17.6251
17.075
30.4722
28.5742
25.7089
27.5265
10.8486
11.1699
11.3116
11.6564
12.7299
11.7474
13.5375
12.4396
12.7837
7.947
7.3854
8.0523
8.8482
2.8818
2.6967
4.2897
3.6203
4.3569
3.5994
4.3268
4.7712
10.8311
11.2083
12.5396
12.3006
15.8353
17.2049
11.0534
13.3973
19.0271
18.978
15.8965
19.768
17.3891
18.548
19.7953
5.5174
5.6402
4.68
3.9625
4.1485
5.4476
5.2813
5.3693
3.1759
1.9234
0.16339
0.52135
23.8498
24.2035
28.6554
28.213
18.5178
18.7644
23.4797
23.081
5.3899
5.0689
4.8895
4.7058
5.664
5.4446
5.0456
4.8488
1.9571
4.3101
7.8438
4.5542
11.5514
12.3187
10.4951
9.6449
9.0356
9.6817
7.4587
8.0571
11.4433
11.7293
10.8689
17.9313
16.6966
20.7302
22.0978
9.318
10.3617
9.6264
9.1337
30.4679
30.6328
25.8844
25.2643
29.2329
26.8345
25.091
22.9872
24.8755
23.0488
22.6975
22.7378
22.9601
24.4019
22.3897
24.7232
13.1686
12.5643
16.8352
17.235
17.7572
17.6892
15.6447
15.3495
16.5002
15.9041
21.9907
22.6308
24.8647
23.3781
19.7557
19.9554
22.1978
21.8756
19.1021
20.5082
23.0469
21.3126
12.8972
15.3651
16.8307
15.0133
9.666
10.7962
6.0661
5.9069
7.0819
7.1822
6.8131
2.7846
3.7732
3.8311
4.7949
12.7403
14.099
18.7392
18.3449
15.4471
-0.51132
-0.45175
0.89698
1.0902
20.2327
22.9609
21.4458
18.4204
6.2924
6.3985
4.6306
5.0761
7.0415
6.3921
8.0271
7.8507
9.2988
8.0864
8.9911
9.8514
10.7667
4.2662
3.7249
0.75453
2.4922
1.5995
3.15
3.2823
1.8746
7.4714
7.5936
6.7383
5.9067
5.9439
28.0292
27.9831
24.4692
24.4245
1.5352
0.08195
3.2753
2.5065
5.4824
4.502
6.3087
5.5171
8.5939
7.5921
8.1893
6.9756
7.6943
6.3671
8.7105
8.6115
9.4045
6.498
7.4065
8.2622
6.3576
5.7024
7.2804
10.6087
10.1589
9.511
9.3912
10.3642
9.7817
9.456
9.6072
4.3357
3.1723
6.6334
5.5531
20.6772
20.2447
23.1751
23.768
3.2352
5.0089
4.9259
3.7305
3.7284
4.3839
5.0987
7.1008
8.2097
7.8911
8.8262
33.6007
32.2261
34.3237
33.0775
37.0045
33.0893
0.62757
1.4823
4.3531
4.3452
1.5865
16.374
16.9339
16.6918
17.1188
15.0345
15.7374
15.6168
15.5687
14.311
10.863
10.4415
8.9031
8.9301
10.9826
10.3219
12.7085
12.1995
12.81
11.6623
13.2097
13.7584
12.9074
11.7498
4.7099
4.9834
4.9206
4.3071
4.0346
4.568
4.4138
3.9044
4.8147
21.2713
20.9201
23.0922
23.3824
11.4347
14.7551
11.0041
14.2135
10.529
13.5875
9.0152
6.0797
5.9727
3.5417
7.9601
9.6117
9.3811
8.0895
10.5644
31.5628
33.3919
38.2162
36.1965
20.1632
20.5423
21.0268
21.1792
33.3339
33.8094
36.5174
37.264
34.5357
28.598
32.6381
60.7259
62.9188
67.798
66.7117
64.6562
23.8953
26.0643
23.5306
21.2295
21.0625
24.4861
25.1323
28.2839
28.6056
9.1974
7.1517
7.6886
6.6392
7.1028
9.5311
11.5458
12.7649
11.358
7.3762
8.5688
11.1344
11.371
12.1575
12.4618
8.7392
23.1246
21.6668
22.614
21.4694
22.4909
24.7649
25.2028
28.3142
26.5995
24.9753
11.2485
12.6878
14.2931
12.9795
33.7188
35.9694
30.9689
31.0202
27.7982
20.7473
22.3706
20.9109
25.1058
27.4322
20.8324
22.6227
22.0608
23.7458
13.1941
12.8769
12.4843
12.2203
26.4286
10.8598
10.3302
11.4151
10.9385
14.4771
12.9883
11.4893
12.7739
9.8582
9.509
8.2855
13.7561
14.6181
12.616
13.5805
30.7833
27.397
10.0101
11.2726
28.7744
17.8516
12.3135
12.3731
12.4965
12.2085
12.2244
10.1553
10.3503
9.7755
10.8841
10.0559
19.5381
20.7767
19.3436
20.8742
7.7314
7.3151
7.4481
9.4286
8.1924
11.2944
9.7802
10.9266
9.6294
10.9586
14.1683
13.5836
28.7919
27.7359
26.605
25.8112
17.5506
16.5593
17.4623
16.5153
24.207
21.7435
26.113
23.386
24.1267
30.6248
16.1895
14.6185
15.8915
16.7202
24.9778
27.5149
26.2762
29.3108
15.2524
14.998
16.5623
16.008
14.515
14.0039
22.0244
23.3685
12.6034
12.6873
15.8136
17.4413
18.2553
18.5106
30.9432
32.6173
29.2759
35.3051
31.7642
10.7308
10.7725
12.9579
13.3469
13.0855
13.9772
13.7524
16.9807
16.7583
17.5892
17.0896
17.7575
16.7137
33.1065
32.2157
33.3846
32.565
37.7901
36.964
13.6844
12.9919
14.1003
11.1885
9.4458
12.2219
9.9089
35.0893
34.5988
32.6162
28.5612
29.0916
35.953
37.9743
35.9434
37.699
15.5448
-0.095815
7.1547
7.2965
7.1427
4.5474
6.2304
5.6428
5.9743
6.3275
10.7661
11.679
6.8958
7.9842
6.4888
7.5509
11.8224
10.8933
11.6321
10.792
8.3449
9.5733
5.7201
7.0748
4.7889
5.7784
7.1601
7.1401
6.4607
8.0205
7.4565
8.2768
8.9997
8.228
8.855
10.8299
9.837
10.1673
9.1672
7.4557
9.6693
11.1422
12.4151
11.5965
10.9164
9.8448
11.5414
10.0999
27.2411
26.6463
28.4562
8.5043
7.6563
9.1428
8.195
7.2934
7.4875
7.0362
7.2447
15.0041
14.0917
12.5686
11.8233
29.5893
29.5496
28.0792
5.882
4.7372
6.3566
23.0476
20.4463
19.7575
14.198
14.0108
15.0626
9.7557
10.2161
7.8179
7.9035
8.2547
7.9859
9.5179
9.4541
9.0803
9.8326
9.453
10.1649
12.7093
12.9375
14.1808
14.4251
5.759
6.515
6.1844
4.3526
3.8668
9.171
6.9972
21.8534
22.1604
23.6021
24.1892
9.4946
6.755
7.4541
3.0163
1.8129
0.33622
-0.58544
-0.10711
12.8684
14.5976
10.3436
12.3719
4.803
4.9359
2.8602
2.8277
3.7052
3.7134
3.8852
10.6459
11.7315
13.297
15.3413
14.9682
10.3816
9.8431
8.7344
8.6115
6.961
6.3396
6.4966
5.381
7.4115
6.2855
4.9045
8.7721
8.5485
9.3762
9.1779
9.5459
8.623
8.3285
7.4569
8.0687
13.118
13.413
9.0116
10.3228
10.1437
11.1636
18.8787
17.1007
18.7808
-0.20615
0.63593
16.2258
14.8357
14.9548
7.9136
6.7521
7.9064
6.4101
7.2145
6.4728
8.2011
9.8629
8.3995
8.9703
7.8612
11.7147
7.4634
8.1272
22.9406
23.4217
20.6971
40.1161
41.6472
38.6046
36.5307
41.0513
60.8232
46.9754
48.7305
50.3901
52.2884
39.595
35.0094
47.9299
40.5443
39.2254
42.3852
63.3551
43.8987
49.2483
45.4357
47.8103
37.5547
41.7473
55.2498
56.8634
58.9136
52.7343
53.6769
62.3691
64.3267
27.5234
43.1226
47.2764
39.8526
58.1281
67.0377
50.3525
17.6204
55.6703
66.4739
67.264
55.1978
48.3233
54.963
44.1438
43.1355
18.509
43.5827
53.9699
50.2799
46.717
37.972
52.9733
18.3749
68.8038
28.4329
62.0392
69.1964
37.3584
58.3089
42.1114
29.0852
29.9671
31.112
63.402
62.1829
35.1607
43.0543
63.0187
58.4329
62.14
24.8203
73.9857
21.2415
67.7053
61.9968
45.3922
50.6834
44.4865
55.7999
53.6757
45.1878
57.4588
68.3367
68.5861
46.2375
52.5591
48.7987
76.1983
41.4853
42.5906
34.3189
52.0219
75.9587
55.101
48.1296
41.6678
32.2091
31.3334
63.8481
65.0797
29.0536
21.8045
18.7474
62.098
62.0864
57.1344
56.9642
55.9495
34.0432
53.8401
44.9359
46.8276
38.2664
58.9656
64.3386
44.3819
45.8586
16.9757
40.1721
46.3643
49.4485
58.2392
53.5427
57.0101
58.6711
67.5343
25.7792
55.7222
60.7807
19.4253
22.9084
34.9343
49.4319
45.2063
50.2791
45.0121
50.9429
43.3804
54.7599
30.5772
29.9772
26.8151
69.1766
46.9045
34.423
39.2468
59.8932
39.2887
34.8607
23.8543
24.2252
43.3742
51.9958
40.1183
45.5078
38.0017
31.4269
42.0355
39.1341
59.5729
31.8973
42.1155
35.891
30.1666
26.4317
31.3707
26.637
28.7807
28.0086
35.8008
37.9443
32.2725
35.3729
37.2145
38.2957
59.923
24.4888
27.1814
44.1851
38.0434
27.3246
43.3947
20.3416
72.8959
48.2995
49.6081
5.2585
1.7813
4.968
4.136
3.4127
10.6139
14.6838
11.3543
15.0242
13.7885
10.7373
13.126
12.9143
13.0579
12.4787
8.6365
9.8086
11.7286
7.084
7.098
6.7637
7.5454
8.6421
7.7646
18.2241
6.0285
10.7854
5.2543
1.8859
4.9776
4.2867
10.2544
12.6791
32.9271
31.5033
29.5729
4.6069
9.7594
8.4403
8.7963
8.5578
10.7142
16.6586
14.6505
12.5833
13.8894
15.3375
13.3688
11.3147
10.7457
12.4625
12.4201
23.0136
25.7826
20.9586
19.879
8.3353
15.9557
17.3165
14.7872
10.4927
2.551
2.4329
3.1308
2.333
11.6656
17.1656
17.4726
19.8163
17.4384
4.0424
7.5821
5.63
6.0346
7.0693
16.0597
18.5627
18.0108
11.7866
12.9472
8.5518
9.8734
9.9645
11.4216
12.0231
5.2558
-1.923
-1.3195
-0.10323
1.7474
3.6893
-0.018985
1.878
8.2565
8.6309
7.8876
28.5535
22.6478
14.2187
25.6388
23.0968
9.5081
9.0565
9.8739
10.8686
9.228
9.8463
11.6231
4.7329
3.8769
0.68779
-1.1027
2.2537
3.8618
3.6529
2.0005
17.7788
13.2184
25.5509
24.4908
6.3317
-0.41874
3.0703
7.6278
6.7139
6.1111
3.8743
3.7059
27.7835
24.705
21.333
21.5795
20.7754
11.2262
2.7663
2.2537
1.7648
-0.20498
3.6001
2.2985
9.2952
14.1537
14.7773
8.9484
8.8467
9.9709
11.7116
12.5709
8.2576
4.4716
8.9753
9.5359
7.7665
8.9624
6.6665
8.1122
27.2796
27.7543
5.816
3.1014
7.1903
8.3678
6.464
6.5433
5.593
5.7842
8.2939
8.8238
13.2887
9.126
9.8645
8.8898
9.6778
11.0828
25.8535
7.7659
13.3824
16.2605
17.1681
11.4034
14.4599
12.4979
15.5615
17.4024
12.9504
16.1542
7.7637
11.65
14.9484
12.7737
16.1354
25.5856
21.9428
28.4374
33.6016
8.0309
7.8928
32.726
31.9685
1.2196
3.0102
14.1991
16.1059
11.4595
13.2746
18.0243
22.8635
13.9208
17.8573
17.236
17.8781
28.9565
22.6979
8.96
7.9028
17.9091
20.7722
18.1128
17.4515
18.0539
19.1882
15.1048
11.0087
10.2969
6.2327
11.9428
10.0658
11.6954
9.8786
21.06
21.6065
15.9986
24.2041
22.0341
21.9374
20.0349
19.6761
15.4554
12.0119
13.0507
17.5436
8.6041
5.2747
10.1014
9.5949
12.9184
10.4907
10.7815
10.6432
10.3851
11.616
11.4298
-0.11409
-0.0562
0.25433
1.2171
-0.38533
12.9616
14.6575
15.3515
7.3677
-0.46503
2.9777
10.3353
12.6062
15.4733
11.5362
11.1311
12.0762
12.6402
13.2891
12.2949
2.1015
4.1355
4.3048
6.7698
11.7069
2.6797
3.896
5.6931
4.8636
5.9035
5.2588
6.4684
3.3633
8.8992
7.2211
5.7799
5.9944
12.1553
7.4786
20.2287
20.3276
26.129
23.0045
22.7616
22.5506
7.8713
7.9674
13.3969
8.2736
8.0524
9.5736
9.5447
10.6855
24.9611
18.7196
23.2971
19.1606
21.5061
21.7089
21.3026
21.2566
14.7157
20.7746
9.5553
4.7108
9.1221
12.6889
16.5055
14.9057
17.4909
14.3208
15.1484
14.536
15.4353
8.7514
19.4119
38.4477
6.4721
8.1158
6.1345
8.3
7.8856
6.7353
7.4414
6.7975
31.1055
28.6094
33.9102
36.9377
31.8219
35.0526
30.6972
33.5862
29.6284
26.0066
34.4548
30.5046
31.9542
29.6983
6.6145
15.5899
19.5566
17.3236
10.12
14.249
13.369
16.6679
31.6212
29.3291
12.508
13.6201
27.8619
-0.19122
1.371
-0.46608
2.072
0.6205
6.7468
27.1062
16.5338
11.9333
12.3422
14.3847
25.3807
18.99
22.0298
19.1349
23.4741
19.7556
21.5802
34.7486
9.2362
12.2048
9.843
11.1223
30.46
-1.0879
4.8079
3.9627
1.2963
5.7457
2.3948
5.4267
6.1189
5.5125
6.1217
4.8774
5.2763
6.3552
4.6569
5.8707
4.1882
5.7591
5.4796
6.5091
6.0347
32.7556
22.3831
29.4779
31.6187
7.7383
11.3964
5.559
8.4967
8.888
8.6454
12
3.5274
9.8337
8.7587
8.1167
8.9796
9.8157
11.778
13.0891
10.3199
9.9225
6.5462
6.3618
6.5052
11.7887
8.446
11.1877
19.0801
10.4617
13.5382
24.6707
19.2902
28.0021
25.2047
23.8097
19.689
2.73
6.8749
4.1468
5.7447
5.0776
1.8666
2.3896
-1.6569
0.76384
1.487
2.7113
3.0455
-0.29116
2.9166
2.7555
3.6191
3.597
4.1849
-1.6579
6.3984
-0.32279
2.3991
4.4087
3.5584
5.2078
4.541
4.8569
11.1521
7.5836
7.5814
13.2449
11.5162
2.6301
2.1184
3.9862
8.8588
9.9617
4.819
32.9971
26.1776
8
0.88781
0.40477
0.19446
3.5583
3.4761
1.4282
25.6423
12.8073
1.8604
1.4293
2.1937
2.335
3.9306
7.5333
4.0709
8.8742
19.319
22.2035
18.584
13.2151
19.1371
17.1523
6.7124
20.7275
21.4465
18.2041
12.5341
14.8011
19.2442
25.469
29.0822
17.3138
22.5472
25.9014
25.8255
20.9319
23.5653
22.2313
24.6549
12.5666
11.2093
18.5603
17.0886
25.6061
28.6525
29.3848
32.134
22.3177
25.6934
26.7649
29.2796
28.5416
14.1907
13.9876
16.524
22.4075
24.8781
22.3124
20.4913
22.8986
14.7259
24.3614
13.3347
14.3242
15.4922
17.4709
6.918
9.1937
19.1058
32.6949
29.5659
24.6383
25.2755
21.2138
23.9812
25.7093
23.9172
25.9588
11.5207
4.7443
18.6643
6.8911
7.5563
12.3913
8.5734
13.5544
3.3692
-0.93378
-0.4955
-0.28165
0.23887
0.97456
2.3982
0.8094
16.8264
19.4663
19.6015
6.452
6.5163
8.2918
6.8207
5.608
6.8387
24.7196
23.8408
30.9418
29.3246
11.6497
3.2581
3.8428
13.524
11.4547
10.8957
7.0713
6.1648
2.8906
6.0976
4.2761
5.518
11.7746
12.0708
3.2083
8.2596
2.9785
9.1781
7.7797
7.7085
5.1932
5.2312
28.6566
21.7784
25.923
28.1871
24.5809
22.236
25.6028
28.3363
10.3042
7.7554
14.3688
9.8253
11.1647
13.0906
14.1306
19.6737
6.2603
15.6947
15.8026
12.934
14.5673
11.5842
14.0024
20.0152
8.7337
14.067
12.9251
12.9985
4.9131
0.97797
1.1846
2.6518
3.8476
3.9925
2.6534
-1.4078
-1.245
1.4373
4.4496
1.794
11.101
14.6177
0.96692
2.9344
10.6271
6.2176
12.522
9.5217
11.7556
15.5889
11.3647
12.9574
22.0262
7.2509
7.5133
6.89
6.2759
20.2364
25.6907
19.0044
21.5225
26.5178
18.1569
17.3483
15.1609
15.9773
15.4617
16.2701
13.0406
18.2021
23.474
24.9982
12.7231
17.4893
21.928
17.3583
21.0852
16.472
30.4397
37.4773
29.9579
28.4557
31.3269
29.0307
33.7518
31.2645
0.99651
-1.1602
2.2384
5.1307
1.4322
4.1449
13.2381
2.6182
2.5133
2.2961
5.6569
7.9398
5.6562
3.2761
5.2252
7.1245
5.0893
4.5084
4.5911
5.6188
26.1076
8.565
15.1341
9.5704
6.1529
8.5683
8.0336
10.7663
10.1254
8.038
6.4526
5.6478
5.2986
6.3522
22.6591
16.4704
14.9123
11.8743
14.2587
8.9132
9.5237
8.8146
6.5964
8.1402
7.4993
8.8566
7.8796
20.7186
26.6497
23.0694
24.4321
9.5503
10.003
3.659
8.3435
9.9787
7.9242
9.1381
7.3343
12.5678
2.0376
2.0267
1.9382
7.2199
3.9853
3.5537
1.8208
25.0034
30.6608
27.6732
2.3806
16.8232
4.3886
5.9952
5.0238
11.7726
24.4556
13.0222
26.1143
22.9006
20.9658
24.4661
18.5987
22.5259
32.188
26.2394
23.8262
23.2122
10.0141
12.2947
11.1973
31.8979
10.1346
9.3907
13.4784
3.7643
3.021
9.6008
9.2628
8.3067
28.2485
13.9411
23.3741
19.7632
10.9977
15.1559
12.4775
20.1479
18.7725
5.3827
0.53869
4.151
2.5029
7.5951
5.0356
5.4396
5.9047
5.5559
6.054
16.3973
19.5912
-4.8817
7.2283
15.9567
10.4002
16.7779
10.3947
6.5001
6.4147
0.31198
0.70632
5.9891
2.6761
6.0814
4.6717
19.1503
24.333
21.8304
16.5215
28.8236
31.249
23.0355
20.4697
17.8628
22.3263
23.3483
21.2097
21.5166
20.1531
20.1642
17.0807
20.7551
10.4215
8.7761
4.0671
7.083
7.7485
7.2281
5.6003
6.8515
24.4579
2.2756
5.8706
4.2853
6.0212
5.9137
6.0831
4.6487
4.6799
3.0844
2.7772
6.8458
5.0477
4.2837
6.7272
9.3257
6.7119
0.96685
6.9131
4.7527
4.6055
6.3816
4.1777
5.9145
8.723
13.7452
10.5792
11.118
16.0281
10.5038
12.3508
6.442
9.7635
11.0485
13.9176
11.952
8.8674
13.9257
10.5405
-0.22801
-0.044951
-0.087592
1.0237
-0.44926
1.1731
6.3596
6.0392
10.6069
9.4021
6.8512
12.7519
15.7634
11.2328
9.7852
11.4857
11.9191
13.5235
28.5068
22.4396
30.8299
25.8733
26.3468
24.6334
27.4372
28.9863
12.2579
7.3659
8.578
7.5032
7.4794
7.9665
8.9952
8.9173
22.3321
24.4761
26.9681
30.4436
27.681
25.3325
23.8737
26.3016
18.7563
23.3032
28.5493
25.2296
19.0525
22.7909
16.571
7.8853
6.3766
3.8042
15.116
8.0885
13.2632
19.677
17.6728
15.2209
17.0954
17.1303
16.2637
9.0454
13.7452
16.7075
14.1539
13.9169
5.2267
1.5676
1.9628
7.4688
6.1295
5.4599
3.9576
3.5492
4.6688
14.3479
11.9909
7.5457
17.6945
9.6763
23.6215
18.2245
10.8178
21.3226
24.9631
18.3464
22.3455
15.5042
19.7131
15.1473
10.432
18.1765
5.4595
10.3361
9.6304
14.9286
14.777
8.5389
9.3458
13.3348
10.1594
9.1076
10.5264
10.4489
11.6566
0.31932
-0.94574
-0.76391
0.39495
4.7507
3.0573
2.2783
7.3173
2.172
5.6518
5.4895
3.5343
5.8159
3.9973
8.9567
7.7966
6.4016
6.6551
0.90977
0.86281
7.186
4.5006
1.4455
2.9148
10.718
8.6396
10.3692
10.6749
12.5251
9.2648
10.8048
10.1728
10.6007
11.4622
10.2098
10.9604
5.0091
8.6498
7.2124
8.4644
36.0673
33.2815
38.9708
16.3972
13.7014
16.617
14.3986
14.7343
17.921
14.7733
8.7947
9.8988
7.0833
3.3877
9.1123
7.5758
7.553
10.5553
11.158
8.5545
5.7303
1.0998
4.6482
4.5675
4.0969
-0.16145
-0.48198
4.3023
2.9922
0.066366
1.1086
29.945
20.9291
26.3008
24.4219
23.9189
3.4835
3.077
7.6596
4.6275
4.4256
6.4227
9.8666
11.1349
11.7449
12.8344
2.7303
4.0443
3.0892
4.1684
3.8604
5.2938
31.1268
9.634
11.1146
10.7246
13.0248
11.788
10.8128
11.5523
10.5722
32.6767
36.371
14.7291
6.1034
10.271
10.848
10.7005
9.1048
9.6396
3.9794
8.366
5.8228
10.6182
10.0574
10.7789
11.0299
11.7316
12.1014
6.0269
4.0926
2.6058
2.3155
2.686
2.637
3.3046
2.6464
4.1782
2.5826
3.0315
4.8142
1.9527
2.3274
2.8551
3.3752
7.9498
10.0157
4.9208
4.8206
4.2159
4.1307
1.7508
0.57646
4.3469
3.8586
2.692
2.7734
15.0318
12.0449
31.118
34.2379
25.0399
25.1486
33.7647
5.517
3.8532
10.167
5.7961
5.5695
5.5549
1.1582
1.3719
5.8896
5.1305
3.3105
3.2052
-0.11258
-0.019897
4.7729
1.2171
3.2133
6.9483
3.6306
9.3018
9.1788
6.9833
8.6949
6.4919
8.1316
8.8702
10.7436
10.8187
-0.038636
0.038081
0.061216
5.7071
4.1428
2.2874
0.54185
2.4094
9.1198
7.7767
14.8726
10.3629
8.626
10.6067
9.3002
11.1638
12.3095
16.6959
12.9348
15.4437
3.7192
8.5488
6.7694
6.0625
8.1558
6.7141
23.9924
23.9063
24.262
26.3307
39.9134
31.963
9.5693
9.4933
39.675
34.2983
39.6533
39.8042
35.9148
38.121
16.3846
23.8197
25.6914
23.5165
12.3955
20.8568
31.6674
32.1274
31.1485
27.558
28.3461
17.2291
33.3977
13.7579
15.9687
14.1017
33.335
39.5036
35.347
27.1981
29.8448
30.124
39.2207
37.5898
37.196
18.5558
13.1445
13.9003
30.6311
27.8199
21.3579
13.9091
16.161
12.966
14.0693
13.6661
14.9948
14.9731
16.7668
12.9947
13.9434
37.0233
37.871
43.4938
26.0874
21.903
24.5191
42.3533
40.2701
41.4657
20.8556
19.8661
19.7496
19.652
19.4761
24.1967
20.2788
19.7414
20.0282
26.7319
34.3235
29.5708
31.9434
15.5492
15.7877
16.0526
15.171
34.3701
36.9668
37.3061
44.0328
42.5834
42.1897
19.0322
12.1594
10.9607
15.5689
21.6158
24.4307
24.7658
25.5898
35.3335
17.6943
16.8522
14.5452
15.0871
31.7165
38.5503
37.3542
39.331
39.241
30.3132
25.4691
35.5286
29.1942
36.6359
32.5958
31.9141
27.8291
28.4599
12.7071
27.4383
31.9117
29.6455
17.9121
35.1606
35.8903
14.954
22.6521
18.6449
20.6677
22.2289
14.5986
12.835
13.4549
21.3078
41.7746
42.0109
25.6442
29.0578
28.888
9.3672
8.236
8.0978
15.635
10.1139
10.9751
24.4613
25.4664
12.9785
12.2664
32.65
31.4416
26.0982
25.495
17.1465
12.2383
28.0077
28.1066
11.1135
12.0314
20.3917
20.4806
30.3869
13.4487
13.7591
32.5453
31.7097
9.8501
16.7137
16.9972
14.7608
15.64
34.4721
11.5232
27.013
25.2693
16.3904
14.7324
25.3225
24.8481
26.4155
18.0963
19.9003
33.4357
32.0231
14.0419
14.1987
25.5911
175.4479
178.1977
185.8454
179.9986
180.6758
173.5932
304.8228
214.6845
436.3584
367.1804
180.1896
438.726
163.4299
449.5885
101.1439
447.6319
454.793
205.5423
210.6968
208.1747
209.3513
207.0003
209.6743
374.9412
377.8107
148.1393
151.24
178.869
354.4413
355.1404
128.025
184.3755
360.1345
359.3585
385.4225
429.8015
433.2822
432.7185
417.0852
62.4801
201.1551
127.5689
206.8707
283.4495
455.4368
451.6927
460.925
219.9849
216.336
460.0104
207.1254
210.01
438.5048
432.8571
440.4435
481.9688
435.1428
195.3991
195.6598
191.9518
194.0146
193.9286
195.8179
199.3662
202.2418
198.8189
177.4437
354.7551
357.6413
341.6277
345.1635
206.6704
344.0506
346.6841
208.0888
159.6681
429.5558
426.414
171.2783
163.9143
165.0781
161.8888
164.0597
162.5545
357.5649
347.5146
351.3796
348.8762
359.0457
350.0332
191.2035
541.1668
541.856
548.3052
166.7772
169.7884
189.6577
192.9757
186.443
183.5052
187.605
188.3356
178.5366
185.5864
191.8491
191.0737
190.7014
180.3491
179.302
178.0411
220.6312
176.4198
182.4287
203.84
207.1388
376.7877
120.3095
199.8999
202.2672
206.9091
203.7749
203.974
210.8388
203.0093
206.7945
200.3391
211.9113
183.5888
125.8913
193.5987
196.1906
199.4023
207.0809
208.5397
209.7298
190.3798
196.8849
256.9343
254.2375
210.5746
210.7955
197.8179
194.0046
206.2068
116.4675
197.8034
195.6629
120.2771
197.4412
201.911
162.3238
200.5257
201.654
197.7351
189.4458
183.8422
185.5384
179.9867
177.1695
198.4754
180.1119
192.7833
198.3962
193.8738
184.5475
183.8146
180.4011
192.9819
189.7359
180.8566
172.9092
175.7246
380.864
385.0371
181.6718
176.0013
204.2799
179.5509
185.4545
182.4931
199.3026
196.0149
551.7443
538.247
194.8332
203.7567
201.398
199.1309
201.3614
193.326
214.2382
201.7153
203.786
199.6071
173.9596
179.8745
205.3367
192.1432
170.3993
173.228
144.5369
146.7448
209.2128
183.5654
177.6314
212.82
213.0348
88.4895
192.4312
228.5857
199.1449
460.1547
453.1723
454.0802
456.013
137.446
192.4522
135.1422
213.4566
215.2969
542.5305
191.3954
205.0116
188.9629
189.1135
249.6549
249.9695
262.2104
263.1986
320.3214
218.7508
284.9673
202.051
259.8721
263.0831
199.687
547.6145
192.1552
300.0028
207.1103
261.0424
268.8254
175.8082
175.2003
200.4789
207.3195
182.6243
181.8278
179.7326
187.3102
127.7935
180.8414
188.5691
186.6371
267.9231
302.7356
214.6683
99.3451
210.0287
204.7368
222.8415
224.787
223.8894
225.9585
235.6776
237.1894
230.388
232.3
228.9705
80.8115
186.7202
229.6624
227.6
266.6653
447.5884
300.2894
553.7941
203.9819
205.0558
189.2997
189.1011
243.8411
238.6239
239.1976
244.1185
202.7197
244.8853
248.8462
199.9028
94.7941
249.4564
251.5309
186.994
185.6107
132.2991
457.4695
457.2386
454.7737
460.8346
453.8655
444.8272
450.0521
461.9357
167.03
160.8343
289.3602
291.0866
189.5766
238.1795
235.377
219.1191
223.3355
227.8768
147.8735
149.3758
159.4441
150.8147
152.6219
153.5345
149.3026
157.091
152.3806
154.0991
159.768
159.3288
241.1344
213.4418
538.0861
164.1334
116.2184
164.7517
161.6374
163.6195
165.5074
165.2682
121.9797
89.4848
81.3032
83.7984
173.8407
176.758
179.0668
181.5181
176.9065
160.7746
181.24
170.8782
206.5979
193.9313
181.7194
188.2867
179.1503
180.2058
176.8966
187.5643
182.3927
95.0308
178.2867
191.0221
187.1237
180.4341
184.4629
161.686
174.81
226.4146
146.5999
141.6299
170.3538
196.9453
202.4364
200.2827
465.5983
185.2244
176.5157
169.2482
192.2722
272.528
192.8219
189.5976
202.8089
437.8111
157.1999
184.4259
184.9016
175.5713
209.4659
196.1306
185.3823
165.1479
138.2966
143.9343
433.5619
188.5463
140.3493
178.1308
165.9194
225.1328
225.9521
160.0756
217.5923
169.2231
189.6712
161.3713
231.7855
220.6926
233.5139
223.9997
119.1749
168.716
164.0758
131.5418
176.8881
93.1065
193.4238
195.1092
209.7087
163.4786
163.1977
178.6222
178.0912
173.4385
181.649
193.9975
185.6345
310.5979
191.9772
191.2675
172.2483
194.0861
202.6713
202.0036
173.8696
157.5383
125.7259
150.1318
134.6801
423.892
223.2073
223.8668
219.8532
220.2001
192.0641
182.2534
204.0694
196.6065
186.6313
210.7937
207.816
259.2826
203.2829
198.9468
190.2481
467.0872
192.3535
185.819
201.0505
256.9934
257.4177
198.0323
200.0526
259.0945
261.1109
260.2054
206.5144
203.8284
191.4091
200.5086
272.5483
141.0916
346.1304
174.6481
275.9297
345.4627
340.6136
186.8932
185.3171
179.234
213.7646
257.7739
258.5941
180.8918
214.1051
268.7636
191.265
146.1405
176.8729
442.1547
385.6788
154.7489
201.5378
284.533
273.574
212.1718
216.2868
213.3811
189.786
213.8722
214.3538
193.9585
227.2154
339.6431
278.8698
207.4655
177.3998
169.6389
550.9226
191.9875
192.553
175.8454
210.4444
178.4362
208.3313
190.0969
193.4715
195.5246
553.984
209.7883
205.7824
218.311
269.4136
261.8128
260.307
267.1103
267.6077
263.9347
266.6439
267.0339
260.9658
169.272
144.4049
223.4504
188.2125
187.852
254.3737
186.0615
187.8744
189.4453
178.5426
166.9392
186.9277
189.9637
189.1955
175.2716
187.2763
213.3716
183.9035
185.3416
275.4343
273.1655
283.1522
209.0163
299.7453
185.7967
243.9276
467.337
184.1123
235.0043
327.8559
170.98
199.0673
301.6073
433.4695
427.484
428.7653
436.0804
202.421
440.3598
428.4293
435.0071
205.6421
438.9807
427.9673
101.1052
137.3269
137.4161
138.5162
100.889
162.6705
185.7961
304.7003
360.9264
442.0995
492.5006
489.5821
321.5667
325.8846
318.8506
315.2577
200.8192
201.2186
221.6395
217.3388
186.2874
232.9388
174.0829
194.6025
191.4701
248.1631
249.712
246.0152
224.5396
192.5934
83.072
82.8626
186.1147
181.3072
250.2589
209.6866
244.7045
169.1216
483.8636
69.7836
176.4466
80.0905
80.7145
171.0203
215.5507
165.7293
473.4534
480.0099
169.8605
171.6327
162.7371
167.6024
480.509
479.2898
360.7525
211.3681
479.077
476.4898
472.6044
469.0221
237.3133
162.8206
198.2148
373.1219
162.0553
170.3256
199.6919
186.2435
191.0292
213.7818
468.8451
191.5402
185.7584
188.1945
308.1039
222.1789
200.7867
288.0735
189.1306
168.5892
223.0431
192.1031
184.002
182.5438
208.7545
176.2601
187.4432
115.2638
173.7433
156.6787
228.8982
177.6943
164.3262
181.6823
176.9879
109.6147
223.3873
155.4587
155.1157
160.7014
167.799
181.2838
262.7504
209.1716
417.8993
196.3286
156.1096
159.5091
483.5446
180.5737
193.0637
168.257
365.1961
173.3611
196.5253
179.9173
218.7187
187.1853
168.7501
185.0087
473.2983
167.9924
225.4905
169.9716
231.6198
170.9338
226.6408
175.5225
143.3308
183.3498
197.1768
217.001
215.7414
215.3027
212.0962
209.0222
201.2657
133.4989
223.1453
211.1693
185.9284
179.3771
161.5025
159.9714
166.0184
161.476
165.2732
193.3899
186.5207
182.0832
181.7109
164.5015
162.571
273.4978
206.1131
179.1116
199.187
196.8582
157.5487
136.7426
135.0917
152.6088
165.3337
304.4998
101.9147
107.8761
162.538
150.7986
187.9357
132.5914
169.3962
183.0769
186.9543
181.9014
230.2354
165.0474
443.479
138.528
147.2331
169.2211
176.3188
175.655
175.6467
252.006
102.4722
163.3583
108.4958
196.716
179.778
199.5836
214.0246
140.5138
186.4587
158.3709
156.9061
151.9241
191.78
181.6068
159.9634
243.0598
185.4648
190.148
179.1226
301.7886
179.2518
235.1143
289.711
179.397
179.6608
181.2485
194.028
181.4678
179.124
173.1241
371.9305
210.8547
290.2922
195.1783
208.3051
161.3497
185.639
221.9664
195.4659
199.3916
183.5853
137.7515
278.3497
217.4721
209.7627
195.2638
248.8883
175.2537
194.5606
223.9898
169.4785
441.1134
456.123
445.6877
187.1329
183.7861
191.4109
174.6532
183.0892
258.2439
187.4044
259.7709
243.6104
260.0917
256.8435
256.4667
264.035
184.0265
421.5681
185.9591
263.8625
171.6983
183.8652
222.6469
235.5367
456.9968
189.5073
186.9167
185.8601
80.7178
238.0494
184.5719
183.6048
435.844
276.0647
293.8681
273.2042
193.6968
177.8868
134.9908
270.7917
277.1107
270.7515
269.5215
273.4051
257.8694
256.5573
255.5224
258.4453
408.1495
413.9437
418.0928
352.0306
421.5725
422.3262
420.0085
417.2227
413.6843
411.1007
416.8737
265.6368
263.4323
291.0097
348.2384
223.6888
181.2108
368.0295
180.1785
365.0552
188.9342
86.4751
91.9938
93.9812
88.5389
84.1781
87.9943
203.5913
119.1749
164.9297
157.9482
145.6104
208.7596
164.1063
193.9181
486.9388
193.5584
178.4216
177.4254
197.6357
167.9485
170.7393
233.3672
219.662
448.5049
165.1941
165.9644
212.6341
164.1668
159.6606
96.1546
95.308
175.1416
165.3924
164.8247
238.2609
206.7322
211.8906
201.0754
272.234
218.936
222.5819
144.2569
206.1112
178.4764
467.9911
212.7735
186.6162
207.7909
314.8238
309.0497
305.3949
302.4089
189.5943
186.9004
305.9439
310.8264
220.2092
169.6494
192.6017
170.9078
224.934
174.1672
205.2465
196.2757
265.4801
283.5873
275.837
237.0507
532.8576
539.6508
225.1191
235.1913
263.0716
435.7957
219.7943
264.4549
79.7907
243.1058
246.8529
191.0095
537.3618
238.0693
183.6695
89.705
53.8573
279.9682
272.6121
171.2953
274.6394
194.6692
187.296
265.1865
300.681
301.0097
302.3695
302.7647
192.1349
194.3265
196.9958
161.2726
185.064
177.5034
259.2709
292.5679
291.3835
275.7804
276.337
267.6573
266.0687
282.6165
268.6853
258.744
190.9966
271.0276
269.5699
290.1045
259.5707
263.1763
285.4959
275.8415
278.6285
268.7763
453.4275
470.0384
547.6436
548.7867
255.4621
259.5533
354.6038
257.2035
189.3224
340.7377
341.4718
440.0084
308.3082
275.7138
183.1296
312.5938
311.9656
294.117
297.7504
300.809
302.8168
103.1118
219.7407
305.0505
324.1059
279.9012
308.8667
282.8108
303.5731
307.0161
295.6792
282.7377
126.6152
205.8212
198.8401
198.298
161.5208
340.2817
351.4242
541.5843
199.9262
344.9665
478.0828
209.6051
343.2667
483.4651
480.0385
483.612
484.6787
172.4501
168.3883
164.8483
303.9934
284.2236
160.9373
251.9884
193.1078
214.6779
170.8374
182.8138
175.0569
241.9947
144.9773
197.1673
158.9926
191.4091
190.8545
318.7577
434.2205
202.2976
429.4958
243.8644
548.3545
158.2311
203.7346
187.2122
228.7312
233.3883
279.4033
197.2245
194.4714
257.7096
245.0901
238.1223
77.4683
189.6269
195.4702
329.8241
198.3196
163.6667
193.1672
251.6736
139.9998
259.7699
255.4719
139.8225
265.406
259.9886
236.4872
559.4782
182.8519
264.9405
265.9168
434.8576
432.0601
432.0705
429.7415
387.511
413.21
261.268
494.2777
163.047
501.0612
501.6378
494.4966
518.7862
510.2903
516.6074
509.9163
520.5879
517.7436
520.0904
429.4333
435.6525
158.7013
214.3123
209.6394
158.3297
159.232
196.9531
240.1863
378.4052
162.2768
433.3446
471.3043
249.5283
482.2419
176.6234
173.327
91.7903
86.3187
93.3814
90.6925
356.5062
84.4865
195.3087
131.7478
190.3692
203.0085
88.155
81.6529
172.8378
374.219
229.9943
235.4097
242.0467
238.1632
182.6462
228.3698
377.2812
89.272
377.9062
378.8343
481.191
387.7176
453.391
449.7442
457.5042
453.7029
465.9237
464.2589
449.8732
194.3987
199.81
195.8152
201.8059
214.2198
210.2639
205.5393
204.5247
192.0037
132.0987
194.5073
199.685
204.4169
209.3813
212.8164
187.7502
173.2513
145.6174
147.7999
112.4623
108.3997
66.3937
76.7059
263.5954
109.0129
103.7121
112.3187
294.0329
115.8815
132.5999
189.6273
157.6848
199.5451
225.6623
117.5044
556.2422
199.8668
159.9499
169.4838
164.5346
313.4644
167.5834
158.0683
185.7138
232.8542
472.7369
469.39
108.8466
151.0808
190.5656
100.4636
190.9502
126.8302
180.8055
173.0035
549.345
280.8085
200.6022
274.3059
198.5783
290.3186
262.6578
263.5028
182.6048
223.0953
433.8154
428.636
422.9972
449.7093
448.4639
440.8167
441.9066
174.4493
79.0687
81.061
307.091
233.8093
472.9103
112.4758
108.0547
217.9817
230.7044
203.181
175.257
175.2965
203.4154
202.2696
208.0417
353.9364
544.4777
459.6656
188.1193
106.4171
280.1922
278.0498
194.963
81.9677
170.8085
129.9143
179.1954
200.3603
159.4409
176.4992
74.1883
224.9591
484.9904
230.8285
182.6079
189.2905
170.9877
112.8607
250.0696
175.6346
308.2436
187.8519
311.5847
182.1278
185.409
188.949
139.026
188.258
166.3605
143.9231
438.4506
97.8169
84.5256
180.7734
188.1419
177.69
175.8684
87.6029
179.754
102.8593
165.0839
209.9292
411.1144
168.9328
145.703
319.6756
164.2261
185.0836
143.661
184.2611
178.6982
239.4373
395.9862
172.4803
160.1972
204.7103
231.2969
252.8924
194.1647
192.7216
218.5846
235.3121
190.2514
154.8346
193.1644
189.3506
198.2679
315.766
237.788
276.2554
111.7142
89.5547
549.0901
187.551
211.8017
186.7083
255.3044
188.6473
210.9266
191.5561
255.5607
178.8175
263.6326
204.9277
215.5285
174.9356
283.4923
211.3627
221.0847
188.5522
146.2732
167.6248
180.2773
192.1832
256.0779
184.6797
268.8913
135.5897
285.413
283.1897
289.8105
205.7976
213.2663
176.8034
196.7296
186.757
213.1258
158.4757
448.0093
177.0733
172.0299
206.1886
355.6185
166.5668
339.982
182.5122
187.0776
349.3834
339.7136
494.934
246.7998
494.4789
309.5113
347.7739
344.8113
346.0009
338.7276
168.8021
180.0865
426.4186
198.4793
424.7219
406.4079
418.0038
402.256
351.2243
478.3061
483.5774
483.3428
425.1447
87.4827
483.8823
295.6921
180.2481
477.5532
294.2267
172.8087
139.5658
264.5397
151.0035
66.1383
158.3143
93.4056
172.906
174.8111
201.5624
150.8208
146.9159
107.1334
171.5648
169.306
169.9024
217.7799
166.16
164.3862
167.1611
84.5291
165.3201
139.7076
173.3822
166.0079
232.2637
133.5764
177.8079
108.2732
115.4232
90.6479
459.3085
180.6217
180.7875
90.78
172.6842
182.4365
218.2112
442.8174
84.4037
197.3213
132.4942
187.5212
274.3455
159.9355
190.3975
174.8071
185.8331
461.78
120.1903
96.1484
451.2318
183.306
151.6991
183.1768
192.4564
82.8935
180.0095
153.1852
218.2687
123.2803
178.0764
250.6401
186.0448
91.0635
200.0577
185.6369
153.3208
92.8692
251.461
86.9318
164.7161
201.5216
180.0091
480.3973
158.8508
152.6113
173.956
83.5131
117.1518
315.074
174.9925
140.1163
220.7681
178.2087
151.7376
174.8675
139.0765
180.0862
216.0283
175.8081
157.706
160.378
193.335
433.2408
190.6805
205.5917
237.5556
204.931
559.0524
125.8732
153.9017
137.6177
207.1654
104.4212
95.7342
177.9768
85.361
213.4009
139.7708
153.6205
253.6733
218.0781
269.4295
341.6574
193.0019
238.6853
179.496
188.6783
86.6712
149.2304
255.382
204.411
188.2258
204.2622
49.1997
342.9731
186.737
281.9198
169.7302
146.7375
297.4047
220.8236
148.7279
280.6901
181.992
189.2777
219.017
250.8712
243.7807
214.8056
185.7695
201.5925
324.961
233.1646
219.1243
541.3293
329.9033
219.2834
246.3056
109.129
178.1782
178.6869
328.3953
318.1575
322.7368
323.2864
240.3218
230.4229
215.1556
181.7261
221.2349
211.3048
263.0477
235.9336
239.8178
233.2478
169.7319
235.1224
332.5156
178.1152
159.8008
216.1893
220.8313
220.6857
176.8938
107.1685
231.7716
216.7805
222.8024
431.4419
252.927
286.1617
200.3945
262.4972
218.1244
425.0411
216.965
105.7904
227.6689
226.1554
106.6906
282.0761
335.8059
281.9175
514.0439
283.8489
288.685
78.8554
45.6787
62.7297
281.1509
310.585
268.7521
202.2711
177.5707
294.1236
285.9665
270.5259
273.8688
273.5559
276.5773
257.7382
273.7531
255.3175
145.7953
285.0663
167.7004
266.5057
268.9507
175.1635
162.318
264.8411
268.1359
268.8353
266.3798
280.7449
258.3558
323.0965
200.7957
494.3188
259.0342
409.3222
244.6974
341.5368
224.5053
186.6128
210.9095
274.3877
443.2318
409.5934
274.3254
228.9666
280.1933
299.018
292.2314
529.8194
528.0986
298.838
257.7831
523.7374
344.1768
274.3707
202.4308
205.6472
148.1361
550.5388
279.6728
271.6254
288.6125
332.1391
329.3869
267.617
327.0149
548.4145
550.1838
539.237
325.5725
292.6484
288.3112
279.0044
286.69
290.0924
294.5194
291.3332
242.5798
281.8928
322.6645
191.6761
75.1768
391.9221
464.3855
174.5476
233.2512
197.5399
344.1018
459.4463
135.0333
552.3023
287.629
321.8695
295.5153
292.2451
199.7275
183.7032
281.732
261.8863
469.7954
306.0524
347.6464
179.9095
185.6504
435.9477
347.0636
304.0743
389.5341
354.937
355.1939
475.3279
184.911
242.882
466.6132
500.2264
500.2533
244.1742
322.8672
83.5787
182.0671
418.2712
312.802
470.3314
320.0924
184.3061
302.5213
474.9371
469.531
486.6129
463.6682
212.8262
497.2977
287.9094
493.3184
243.8948
203.6672
409.9315
154.6521
194.464
379.5677
387.3891
131.2243
211.641
194.8429
547.9978
341.0476
193.6146
312.065
252.0827
249.2252
244.456
208.7478
206.0258
177.8594
450.9932
93.7789
237.9712
495.8045
184.5587
184.3869
176.3657
181.0523
461.5312
207.5217
178.8936
316.7771
176.0518
117.2208
227.0231
173.7515
226.6159
146.3442
167.7419
161.6263
198.0677
173.6441
129.1134
144.5226
193.8821
187.1901
195.1548
108.4682
106.006
180.8691
266.6693
433.4444
187.9458
180.3049
215.2483
378.8546
244.2683
80.268
254.8925
249.8014
253.8816
226.7095
244.9721
247.4719
222.717
131.0289
250.8121
489.0803
91.315
184.7623
151.4058
82.3494
206.9979
202.5164
208.3405
178.6607
180.3519
124.9611
128.7991
173.2451
190.2647
131.5638
184.0244
113.3748
175.6796
421.9171
420.1643
149.6508
181.1903
191.6442
96.7145
174.0713
185.6452
261.5404
257.9531
261.4876
258.0924
232.1579
425.3717
213.9831
327.8841
520.5313
182.9176
554.4467
555.5951
550.4613
264.4428
533.8537
545.6234
546.2472
540.1657
418.5276
116.7291
166.7501
130.2355
184.1396
222.369
215.1153
220.7758
120.0508
476.5404
231.9067
216.2282
230.3094
558.4243
201.0181
179.1273
173.1185
534.1326
125.5437
128.4827
182.7217
185.5374
536.4326
179.3398
178.6029
352.9618
283.7006
159.7348
157.6654
174.964
164.6691
170.7595
202.2816
249.8402
223.6733
60.9197
494.5231
167.9254
243.9422
349.9317
344.5537
171.3055
349.6954
187.638
205.2588
190.8663
196.7949
108.4541
149.2919
141.6564
215.1666
185.046
140.9388
183.4964
181.2385
190.9208
166.7265
98.5035
227.918
272.9187
182.4817
514.5057
444.5712
431.0838
440.0536
430.9779
436.0846
415.1994
453.4189
188.7217
418.6059
443.9495
231.1102
366.953
185.075
184.4447
185.4767
189.0609
152.538
111.5352
179.14
173.8024
94.3167
98.088
175.5079
100.1597
108.0616
108.2913
165.0999
516.7442
206.9539
88.5406
147.3069
147.1216
137.5503
140.7928
171.0001
162.7674
168.4787
136.0402
141.2649
168.7728
169.6233
120.6747
125.572
133.1836
218.6011
145.0214
170.7185
308.6933
531.4318
148.7356
163.6422
168.7999
102.1298
259.4755
155.0231
165.4873
115.6058
120.0953
525.3684
336.8693
96.2298
93.9929
182.0632
186.8295
148.3042
140.3133
145.3646
112.8075
141.8053
131.1445
143.8157
222.4196
138.2396
210.9309
192.9085
527.5479
94.9888
94.2829
425.8611
173.1022
197.1317
245.9347
168.987
56.7855
302.4083
181.5712
201.4077
260.6904
109.9331
143.9661
145.9972
156.144
248.6291
83.2434
528.3514
270.0688
162.6191
235.4949
448.0651
453.8196
179.9237
435.6124
417.7377
427.7953
347.6405
453.0338
197.0878
532.3516
165.9856
537.8007
248.9119
243.4728
169.6375
199.3708
135.7855
181.8529
250.2387
135.8272
161.3891
541.3447
178.8004
439.0394
162.1225
430.4361
432.6853
520.0023
242.1767
175.2439
238.8908
235.1644
342.3705
179.4035
171.0848
128.3923
179.5457
183.8843
222.1699
195.8885
177.0435
198.6822
191.7815
175.0672
186.5813
163.0911
443.8369
118.762
180.0113
192.7747
248.9617
230.6626
275.7646
180.7275
186.0875
173.506
165.9883
142.5537
189.9949
145.4056
183.4753
182.1948
454.0665
282.804
279.2922
279.8148
255.9036
279.8108
281.4511
282.9012
141.5213
156.457
196.2169
191.3073
355.5601
308.643
278.1982
278.2744
121.2062
254.8683
178.7966
269.2324
492.9805
336.9344
522.6709
293.1203
354.8471
299.7952
264.1354
297.0401
233.3525
326.8853
264.1018
178.6931
319.0034
319.234
524.7929
315.7291
518.9329
338.7835
300.241
397.5335
537.2312
328.9943
236.1994
188.1241
176.6713
114.3029
169.6463
344.1497
270.718
302.9136
394.0886
310.7298
537.2323
554.2765
301.0725
237.8455
525.973
317.7765
303.2097
355.2176
242.9388
459.7694
193.809
208.847
500.4543
166.6631
468.4076
473.2394
294.7274
520.6252
247.3051
487.2924
388.9238
407.5484
400.9818
396.285
399.5161
398.0359
391.407
213.8096
147.5463
402.4197
242.6856
161.0865
398.142
514.0893
205.0667
202.9034
518.8692
395.3772
397.4334
483.4407
169.0917
277.7395
202.762
405.4835
314.1779
522.5874
459.4668
448.5869
287.034
385.979
385.2461
172.3626
391.9747
296.358
216.7491
286.0885
286.3368
369.0917
78.2599
487.7202
374.7422
403.0269
403.3587
166.0579
431.1131
434.0423
156.0215
236.3931
337.8745
488.6988
422.4611
415.6156
425.3654
169.3611
207.4622
413.8741
419.4869
198.0422
184.4951
126.1696
339.3413
456.3681
96.1834
178.0482
391.263
268.9073
275.5949
145.6009
453.5358
218.2083
153.0361
222.2405
178.6562
451.4336
207.5176
177.1792
61.6355
212.1097
288.5671
230.0248
114.4081
273.8105
81.2322
233.9172
284.7567
268.5532
405.2207
348.8956
101.7942
372.9902
180.4714
57.4508
75.8409
69.7079
71.9982
112.982
105.7839
490.807
122.2377
171.0109
97.1737
108.2784
233.196
105.275
78.5013
68.6245
124.7604
79.2107
194.8404
75.5725
159.6574
71.9521
236.7625
84.7541
102.4361
147.2821
156.1574
306.6319
69.3598
168.8299
162.7041
110.6897
135.2818
223.3367
332.972
456.3263
125.6367
84.8079
168.824
93.8492
176.1129
101.5933
278.1743
248.1712
97.3621
98.8093
89.1363
157.1106
104.1564
176.7529
264.0722
155.753
252.3846
137.6136
107.9362
140.2734
206.779
146.1805
105.4003
131.3186
170.721
151.7648
83.7431
140.1993
146.4545
186.2791
295.0234
136.4578
124.9552
293.3526
247.1755
123.7047
220.9091
227.9722
154.0051
158.3723
191.4707
138.4821
125.3053
212.479
128.5166
226.9568
145.6027
53.3049
152.0617
170.3573
197.8435
135.7504
136.4389
127.059
145.7518
551.5816
132.907
224.8408
104.9537
348.9076
173.8154
122.5259
129.7689
273.5002
173.471
151.8015
160.9425
178.4209
151.7109
177.4714
174.4887
181.9738
192.6458
141.6718
149.6368
132.9944
53.2629
188.7373
155.0867
320.9092
179.3601
138.2542
188.8469
167.696
373.2538
181.7627
445.3857
178.056
113.4102
169.14
164.4517
197.4917
492.4737
156.757
121.6204
149.3742
145.5085
139.1739
132.1985
178.5785
159.2926
100.2928
180.7191
192.5674
144.1212
146.3119
438.0919
420.4648
449.8786
442.8851
73.639
169.2115
340.791
347.6854
343.6986
419.1812
415.6329
172.1494
338.507
334.4194
175.3211
146.6631
179.329
233.5651
389.6679
119.9781
182.7821
236.5273
211.0797
182.636
198.8789
199.7704
118.0059
146.949
181.2525
234.7523
538.7576
182.4071
138.338
222.9049
207.8626
141.0964
202.8419
196.9013
190.3694
192.363
146.4243
94.4221
187.6281
249.6785
215.2773
258.3648
114.8386
229.7806
105.3143
266.4759
415.8525
250.0512
187.7532
245.0011
140.2634
205.128
252.3971
246.1488
322.3028
250.7885
179.8439
179.0656
203.6459
334.895
333.4558
229.7132
188.5732
106.8873
188.4379
182.7047
109.1059
182.9117
111.3149
186.748
193.6404
180.7498
117.4572
178.8394
187.7482
176.5013
235.4106
239.9988
266.9846
205.7459
90.2637
172.1364
184.5908
227.7526
242.9623
181.3642
203.6126
238.3772
303.3827
185.4194
158.0276
174.9004
232.799
79.7979
174.5464
197.6347
200.0147
179.2239
225.0716
197.9316
189.0014
178.3154
181.7488
535.5432
555.0144
208.2968
218.7945
206.3063
198.434
141.9415
338.7516
238.4162
204.2823
198.5097
215.6016
149.4904
194.3796
190.016
210.3569
187.2754
249.4725
541.1319
397.3975
337.5118
138.1024
443.5072
269.4383
439.0707
544.9463
265.5266
254.4909
209.1039
249.5772
237.0974
95.1298
176.934
230.3465
501.9262
202.8518
162.2266
291.5934
186.6742
266.8437
200.4328
116.2382
272.0252
271.583
268.8672
170.8235
163.0409
215.335
347.4469
176.9413
325.9967
290.8687
348.6059
305.15
169.2587
168.4373
200.1757
283.4048
535.2986
344.7722
537.8876
113.1818
244.8774
146.2712
191.7084
206.939
271.0953
273.1556
177.2705
182.394
205.2587
189.1847
251.1591
120.8919
134.2389
93.1016
177.5723
210.1791
541.9352
408.2514
423.953
329.6391
520.6384
337.3721
289.1177
242.6428
345.215
206.0067
204.0319
194.2873
542.2075
532.6331
201.8887
530.233
536.8336
531.622
348.5151
293.9986
539.9445
320.1438
523.5077
286.3412
280.0981
282.4001
274.5107
554.3965
302.9039
318.007
322.456
227.89
314.3434
292.1294
319.1906
270.5079
266.4217
259.1547
271.4287
258.7015
297.8455
235.8018
190.3365
317.0774
300.366
305.5643
296.2696
147.4609
275.8943
314.0684
309.1231
179.0788
192.1667
240.2099
222.726
350.2831
251.9364
262.147
556.8715
548.4248
361.1373
537.0395
529.7988
246.935
558.815
283.4223
289.9803
304.8841
302.5861
45.7711
506.4319
293.7402
345.4378
199.196
332.5652
330.2356
295.5999
324.0595
300.4746
274.7098
299.6393
307.2995
267.0879
340.2345
284.9484
297.9785
271.5846
183.5268
204.075
216.6732
529.5116
305.8557
184.9186
321.5663
240.7199
192.721
314.667
316.7426
495.0523
333.2087
256.7228
483.0099
507.7959
496.1215
507.3068
257.6441
244.7216
201.8717
207.6876
278.7827
412.9589
133.0429
409.8696
475.5993
434.6289
487.1315
385.9388
393.3345
415.2377
255.0107
74.5271
160.3469
287.8258
468.0336
495.0336
448.3631
195.0542
121.4733
197.9867
256.4259
316.7099
182.96
340.5098
435.8153
130.9984
458.3733
175.2708
335.0493
464.0563
481.5391
396.5512
72.0859
190.3053
506.023
310.8671
495.902
480.4745
447.2308
388.818
458.3918
369.8428
307.1974
295.2514
413.6509
502.8355
423.0952
159.2882
176.192
75.4708
155.3421
464.5325
119.1339
471.3497
183.0199
87.7173
279.1858
447.2284
382.081
172.4165
345.8217
372.6879
111.982
268.5268
251.7332
420.1739
85.1406
195.8152
543.0523
476.5307
285.3685
384.4814
557.1128
312.1673
184.4592
176.6089
536.2269
468.5
415.3299
473.016
413.4159
197.46
454.8114
273.9553
455.4934
460.1478
166.7195
541.8108
166.0806
102.0194
392.0148
485.7848
72.4494
421.4454
162.9234
212.1122
481.5941
168.9098
410.3044
201.5042
399.1788
347.1527
476.0056
405.1405
123.2699
274.1309
302.3988
343.015
185.3132
413.59
167.7384
497.1018
404.9401
269.2627
293.1851
166.342
285.9313
560.487
230.429
168.0514
290.2797
203.8431
173.2387
443.5222
374.048
420.7863
530.337
244.8285
167.1034
170.291
403.8081
309.1944
400.5155
163.9029
165.4978
424.4482
545.1294
555.8429
396.0339
540.6387
212.6068
255.8988
181.5549
61.3832
99.9134
300.3902
181.4708
93.591
473.3857
405.0652
199.9618
493.1991
161.9907
104.9315
133.0376
413.5899
407.5543
492.809
205.5293
413.6749
167.1425
279.5957
301.673
132.1232
409.0411
387.7754
166.6781
150.8528
357.8805
404.8057
86.4822
407.2424
189.312
413.3516
207.3532
402.0254
184.5114
211.9824
207.9094
90.0396
402.6399
96.8049
136.4187
67.095
405.7257
114.3697
408.6349
162.1398
198.7124
407.4554
72.4412
458.2136
266.1367
312.4331
177.9069
107.9238
344.1123
425.7345
78.6379
205.3663
154.1101
100.9696
194.6031
98.7324
77.6851
397.3767
93.6344
81.0127
358.5197
65.6642
403.3097
552.0679
167.3166
182.8889
96.2393
196.7924
153.6171
422.0622
399.8799
290.869
205.6782
138.0844
68.7618
65.3352
63.4982
210.1189
312.5438
238.9194
336.8951
93.965
559.8127
142.0706
198.6287
59.5923
307.7127
202.0501
158.7664
199.7186
194.4545
50.9486
119.4973
98.6493
125.8475
75.2419
73.3573
204.1525
406.9274
95.8793
272.1301
207.0406
98.8719
177.6742
333.7967
100.7356
418.1991
83.3986
70.3682
410.5825
52.9867
101.046
107.0184
102.34
214.9643
176.6913
86.4239
275.4976
126.9863
78.8598
288.3278
200.4306
193.278
348.5102
114.5939
114.5483
157.4622
111.8888
83.2344
77.198
209.2386
214.5423
401.9077
532.2814
64.3141
238.1565
221.9104
79.0469
174.5201
155.7782
208.1948
96.5736
104.5215
549.2519
289.4386
52.1665
443.0748
362.4735
208.9893
454.7184
432.771
222.7953
225.0545
98.9986
185.6359
378.4795
150.7349
174.0481
155.9057
63.6206
142.0052
192.2759
295.3685
168.0636
72.3458
55.5477
119.0256
53.7538
165.9343
132.6681
131.7119
349.9428
94.629
351.3297
292.2688
411.6004
179.2574
290.4369
88.8715
162.896
420.6982
187.3377
553.3829
139.2031
114.4903
404.5717
118.3862
296.7862
114.0701
106.2672
356.0806
495.8943
82.4812
188.3164
175.5306
145.0844
125.5855
56.3993
168.0493
122.0909
431.8789
311.0347
170.9233
95.8586
188.6464
89.3861
152.2795
127.2399
175.3257
168.191
171.9946
407.6946
450.9814
409.1814
166.1738
285.2947
185.9088
124.66
197.79
117.8992
250.7314
195.7615
103.3894
198.5103
104.0264
190.4579
116.5462
177.2123
197.6735
118.0273
190.3897
97.6424
107.7955
266.0698
191.2064
193.9518
196.7511
175.2093
195.5856
129.4058
185.3696
432.3203
130.9896
488.1309
254.0714
98.4658
175.4163
108.4179
109.1458
97.964
158.701
171.4951
112.7106
114.6075
91.7761
450.5465
183.0113
60.1019
92.3784
442.6974
561.633
245.0921
107.0217
130.7972
447.0156
119.7113
170.156
74.3004
169.8292
260.3271
176.9881
120.9645
129.8004
140.6676
86.3751
185.6489
486.5335
171.4079
444.9343
105.7963
174.6314
176.7061
439.7873
137.4827
239.2389
75.2162
108.3972
175.0034
123.7534
156.8449
418.1899
237.4985
130.7206
171.0748
142.9224
112.1614
105.1446
116.074
361.1697
91.7958
493.5587
125.0901
118.2575
74.6502
484.7043
100.3359
104.0554
346.68
130.9901
548.8887
154.0648
107.5136
169.9166
177.9763
137.2803
229.4449
156.4924
137.5785
244.7321
126.5499
156.9961
226.2206
92.5927
131.7539
54.3875
66.6644
177.2559
122.7645
181.3733
102.7912
101.6328
252.4336
160.016
99.2954
433.0442
180.5478
177.0199
74.6463
339.0653
290.6928
421.3926
101.7246
344.5843
187.7845
199.6132
219.6758
148.3697
186.6538
118.381
143.6765
108.8082
304.7902
104.2867
448.0369
188.7222
229.1371
289.7936
187.3921
100.6435
145.7976
167.6462
151.7623
168.5261
177.0715
156.1511
196.0164
240.2102
175.978
549.9637
111.1707
97.7835
190.2068
189.681
155.418
114.7201
78.7456
253.932
134.8359
167.217
119.6239
167.4046
124.3639
196.701
199.9895
141.8806
120.6285
368.4483
442.2737
251.8243
400.4247
259.3259
140.0339
234.5926
193.5924
134.6952
271.3257
62.9869
198.1426
96.8993
151.3323
156.2755
410.5652
117.822
348.9194
249.1388
189.2499
210.5611
184.5618
156.3464
152.0643
324.0082
283.217
203.7692
111.9916
287.4273
148.8517
129.3026
153.3465
119.2576
217.1484
97.7377
120.8116
230.2044
476.6234
244.244
95.5175
327.9393
403.16
124.1395
298.8696
258.0771
143.6246
211.4319
135.0661
215.1783
377.6926
186.7417
141.9606
145.5272
165.8922
479.8617
97.9481
67.3152
556.316
94.5943
249.5872
161.5791
484.6113
94.0144
174.4559
271.5086
200.6561
494.0212
317.1756
334.6791
210.4703
138.0094
446.7936
474.4736
135.3481
174.6619
173.5278
156.9178
181.703
305.8146
163.2153
157.5765
92.5072
231.0547
85.0872
264.5014
436.7505
190.9625
76.3206
292.3355
156.3498
316.0039
190.3198
510.6074
162.7472
127.2149
251.4974
141.8172
180.3552
108.4841
279.744
121.9333
55.3947
103.5945
148.6796
147.5795
147.0999
316.5376
217.9841
193.3433
107.4403
203.8534
112.1585
194.5439
403.9945
113.7942
168.7037
200.1537
167.4111
148.4734
193.6849
252.6575
251.0012
223.7324
117.5262
213.4896
168.2537
165.0203
191.8575
202.0891
127.7431
220.419
422.9261
196.886
511.0424
117.9236
104.0706
126.2907
216.9501
172.3438
141.7334
117.2355
127.0955
130.4551
375.3095
157.4739
131.3792
74.0946
204.0443
55.9696
87.1121
168.5981
120.9418
173.3042
188.8657
175.302
137.8201
150.9965
213.8782
192.0964
340.4788
399.4195
236.5693
186.5298
537.9187
215.0154
124.5165
166.1927
307.7215
273.3041
452.7569
151.5375
427.6184
320.9224
446.0606
140.4306
166.137
182.6329
317.0982
162.6215
499.702
100.1087
238.676
130.3991
162.4602
372.5409
427.4188
169.1917
181.4704
181.0836
152.8894
345.2975
194.8047
203.917
111.3759
199.0017
170.153
188.1081
171.0537
542.6738
91.1833
148.1457
199.8946
251.3245
219.1309
532.1699
263.6617
532.6321
104.8357
89.7908
154.8838
184.8364
143.3262
149.6985
203.0306
189.0924
146.7169
462.9594
220.1284
195.7657
182.8387
187.2451
124.339
128.0588
182.5277
172.7733
184.1373
193.3031
194.4567
128.0672
188.6495
152.9266
139.6265
179.8447
145.8098
165.0745
227.6727
339.1137
206.4869
245.5063
146.2353
162.0077
458.9328
166.3508
179.3746
218.2786
165.4335
116.9745
119.5738
461.2577
203.0403
195.1987
243.8763
98.3026
128.5106
79.4401
262.9579
61.1894
173.795
195.3189
298.687
178.2994
111.3592
240.514
352.3454
151.9086
160.6136
348.3115
169.073
192.6822
155.0877
226.0614
160.8241
171.7643
203.0052
169.8714
393.4673
134.9307
170.1474
240.4502
364.1148
191.1197
192.667
265.815
161.2645
269.3715
236.3256
52.0394
212.1137
352.3324
218.9155
214.4982
279.6479
221.163
416.3437
195.3492
416.1376
195.9533
188.347
238.2233
113.52
202.0318
361.5752
520.2349
162.7053
209.262
147.366
167.2175
121.5112
162.8508
181.4381
177.8679
209.7504
162.4959
183.6832
355.9383
58.804
183.8539
130.1706
484.288
235.3432
170.4773
356.4308
193.9486
113.9889
346.032
211.2519
175.0535
109.2868
155.4417
282.2768
171.2516
220.9736
190.2358
149.5522
253.1732
501.3006
525.9311
182.0301
197.4098
225.2148
114.5673
486.1298
273.146
165.2651
222.1374
175.8178
480.286
181.2482
159.8663
479.2239
183.7185
186.0966
179.5497
488.2646
483.5998
197.233
210.6317
473.9084
203.9175
163.1167
272.3686
175.7896
199.8226
87.7977
199.763
127.8653
558.9026
212.0397
229.727
474.7687
72.5784
355.9379
182.9051
102.9528
166.1972
137.4981
117.0937
211.841
487.4628
489.4923
115.5033
162.5487
179.4531
224.5526
482.8498
184.2894
171.4357
460.5387
239.1889
225.0536
268.381
117.4012
209.9943
81.4942
190.533
191.5111
488.3754
241.9841
467.5325
184.0489
183.5455
87.6025
278.2093
168.9124
268.191
258.5098
176.9484
158.4364
141.1236
329.7669
466.9497
183.7334
468.6491
297.6428
233.1635
359.2259
175.2393
215.3293
134.3106
198.9883
171.1455
128.8919
191.2517
309.449
236.3629
183.5722
238.4797
152.5808
176.5273
207.1192
191.2354
119.0528
212.5746
308.003
274.2521
133.4314
169.5936
178.8805
311.228
156.065
154.8143
171.594
208.2032
164.9124
158.7865
179.1899
312.6628
270.0278
208.3115
160.7282
252.5514
260.2808
209.2934
213.2182
171.6048
92.9498
176.5527
194.54
195.5885
105.4104
196.0859
187.2015
140.8376
263.104
235.3091
245.3001
245.2552
178.9199
160.5188
210.8152
168.4249
264.0058
139.4706
195.2173
220.8264
547.4425
198.8038
222.915
311.549
328.034
213.0247
166.7567
206.5237
159.2685
173.0165
214.3644
114.7559
399.275
220.5544
171.7237
198.1774
173.7001
198.8078
201.0766
245.035
264.4391
188.228
177.5972
84.9558
184.6841
210.7879
337.7613
192.4252
172.7029
198.5044
187.8182
245.1953
205.4456
203.4972
199.85
332.9114
148.7779
210.4714
444.4363
228.3943
146.6464
223.9941
225.3752
187.1787
224.6856
247.4505
140.9183
285.2483
133.3044
231.9198
213.364
307.1114
198.3417
484.6475
169.2951
195.1899
215.4959
239.7003
155.1556
256.7743
121.9396
304.343
180.4217
177.3169
276.1898
285.0855
85.2139
129.2736
164.6775
200.6252
245.3255
196.7469
192.1194
489.2449
120.8599
491.6686
194.4999
183.4142
170.6337
181.3002
179.3356
495.5497
243.1164
514.5025
169.5901
367.8892
176.9333
170.3465
169.7496
137.1636
402.9282
401.2622
286.5185
274.3833
174.8489
310.8709
253.7069
152.6201
205.0214
135.7465
230.7528
187.8989
175.1967
160.5481
232.2588
193.4334
221.9323
507.7913
114.6012
115.1123
185.5325
283.2179
395.4776
69.6165
245.9393
124.784
180.7658
255.7967
183.1033
221.5602
159.2301
203.8838
175.3236
157.5847
264.0796
192.7092
151.902
176.0281
179.2371
108.9785
202.0679
406.6608
200.226
197.6379
197.0126
453.1288
361.9605
427.1338
197.0697
555.1389
215.7668
169.2538
214.1679
192.7748
552.0067
521.4931
114.7429
228.1127
172.5485
241.6217
325.7865
189.7905
196.3951
264.8324
169.3599
208.0936
220.0231
198.758
292.2448
209.3781
318.8137
184.0808
120.2797
511.6499
287.2832
396.7946
153.5457
114.1381
424.2766
168.3913
234.3112
217.2741
99.8869
416.4057
180.5493
200.8175
143.8605
286.9096
286.8111
199.0281
347.2461
87.1064
103.1828
240.132
198.6
445.3041
399.407
205.5907
237.2522
172.5112
152.2173
220.2537
255.3393
189.2996
558.6036
248.8621
88.7365
235.7663
206.6746
270.967
370.1771
237.7591
444.6822
262.4346
290.8815
209.1263
195.5867
189.753
560.001
251.3143
182.9082
199.3465
183.6849
191.0178
554.1405
230.6862
289.797
467.2233
465.553
217.1763
450.8495
211.4357
229.4602
558.876
505.6119
183.5464
266.5837
280.7675
270.996
200.8882
240.0308
557.8882
263.8405
153.048
226.8872
152.8392
285.4744
141.2982
148.8501
268.6373
150.1183
445.3522
270.1866
334.7972
122.3383
269.3764
169.8987
187.1212
275.5503
322.869
264.3388
552.2221
269.108
553.6416
262.3989
283.0099
178.7244
536.2613
285.614
151.414
154.7817
200.0416
267.5398
166.2302
162.5833
558.5131
192.0738
549.3835
315.2259
527.5816
258.0153
242.6812
304.5889
170.0014
549.8408
192.4932
560.479
165.8278
317.1627
328.5483
263.5727
309.5307
184.3959
291.6563
334.3428
524.1685
238.2274
278.8461
263.1766
543.0672
554.3315
240.0203
167.5674
244.4076
546.479
271.5125
195.4391
137.1041
201.1995
542.4736
545.6309
258.5193
214.7377
168.1933
562.0526
535.9828
188.5783
164.2871
503.7337
190.0228
223.6142
347.6898
251.6241
164.9478
256.7282
312.7299
253.2594
59.9808
282.1693
560.2341
260.4647
283.4026
280.5427
162.3851
189.5789
560.5841
290.6424
524.6135
340.983
517.1008
420.0083
266.2671
130.6574
291.643
204.0551
189.9661
270.6932
158.7402
198.7296
313.5141
497.1453
541.052
334.6297
263.7595
153.0044
552.1362
538.1379
332.1488
285.251
173.7701
549.7333
602.7639
196.1061
560.5223
337.1561
240.6897
176.8159
506.6147
291.9297
547.9367
163.0893
309.4879
556.6571
285.7698
256.3284
258.8341
194.6296
535.0148
194.4616
498.8375
540.6405
225.1698
190.5567
282.8923
454.2306
560.0764
62.9496
561.8084
414.9441
184.3854
546.9559
279.5538
201.8823
555.3801
354.1237
301.5272
559.6353
412.5161
201.6576
279.3356
124.1611
363.419
551.8054
426.3101
237.2474
188.6667
97.3069
310.9672
204.2799
297.8385
359.6525
181.9424
223.5248
262.5127
241.4583
281.8668
187.6639
157.6795
368.1441
410.8935
303.7735
202.4399
554.7325
545.6255
73.3132
411.9314
512.6581
240.0627
286.4579
173.495
118.2687
200.998
279.0616
499.4245
487.6322
277.9403
197.1842
252.9409
200.418
310.3991
327.3349
259.8827
301.2224
331.6584
452.4719
182.6704
554.6233
553.2378
553.0306
465.4327
131.3801
550.6519
555.3165
216.4779
504.9029
485.9988
189.6882
438.2465
519.4083
325.6494
327.847
525.2887
535.0685
238.5735
236.1062
292.8143
534.1932
529.929
246.8585
333.3175
282.0897
183.3716
312.8638
201.254
548.2341
180.0221
263.4057
535.8596
350.3676
479.4746
501.6376
510.0665
468.9828
315.387
270.0156
191.5652
293.266
123.8537
503.0954
333.5925
132.929
168.5741
274.1302
125.7352
280.8431
410.351
276.9442
306.8737
240.2228
253.5085
275.0621
276.1786
308.4024
248.818
312.403
421.8797
508.7361
361.1619
72.4355
417.6605
274.1875
528.9444
445.5649
215.8612
273.66
202.2227
266.443
173.4975
335.8977
156.158
320.0418
283.5666
162.2254
498.6642
215.0581
479.968
158.3621
316.1815
467.8554
550.2935
239.6129
328.0684
503.2765
288.0375
232.2614
325.5675
477.6322
330.1536
242.4005
345.1034
332.3627
283.2966
542.148
305.2735
537.8478
252.6673
194.8761
366.6662
515.3076
201.2724
178.2577
256.3635
322.7307
453.7108
188.6008
362.5321
318.6361
321.1197
227.962
181.1789
487.1008
320.8121
276.9693
328.09
279.3095
550.2159
311.5131
336.0607
193.4902
549.2468
539.4401
160.4961
213.437
533.9127
307.6848
321.245
118.5124
535.1453
356.376
287.9999
298.7917
65.3825
181.425
276.1269
334.2793
330.302
99.3317
477.9324
172.0415
546.6643
458.6426
159.2852
172.167
308.1312
490.6923
166.5534
448.7512
210.2007
206.4962
155.969
332.2988
246.5371
492.7374
251.8795
331.5982
541.5305
321.5147
509.7235
279.9502
173.5032
539.2839
479.1944
185.3884
327.985
166.1902
196.2639
92.7639
199.8623
278.9426
117.7978
513.557
200.7197
295.8781
483.1913
264.4261
280.4401
190.5689
487.7748
191.3686
198.4746
543.3081
198.5983
258.9296
327.5679
57.8404
146.106
306.1658
319.013
111.0392
346.7756
294.3873
292.9684
536.5432
337.1812
285.5535
284.3396
275.5754
189.4415
522.1148
548.2438
49.5862
551.6818
343.5095
499.8509
229.4419
384.8623
309.0667
262.1875
487.5558
458.7155
505.5968
319.9384
499.9761
185.1579
411.465
278.7317
314.8571
326.5738
260.5323
290.5588
250.4864
254.8663
490.0082
300.7805
348.7591
251.3093
168.4647
477.1479
488.2133
176.5399
558.4114
447.2561
364.5312
177.3605
167.02
354.3251
482.3472
496.8161
506.0783
411.2133
364.7649
350.2739
456.6182
557.1863
327.5789
389.8715
234.7169
555.1226
363.7587
463.9058
234.4646
197.9144
305.3276
482.4697
285.0193
200.8195
302.7584
214.8411
321.4033
104.2696
500.7317
305.3357
450.8476
247.1139
524.1983
462.8446
492.3825
472.2692
243.3332
361.6743
187.9012
159.8393
241.2106
501.2421
173.8203
381.8111
498.6891
331.9654
536.9332
178.8262
542.4234
199.6707
485.308
285.2601
331.8547
254.2979
187.6935
347.711
387.4938
333.9419
384.9825
410.1611
400.1134
506.0698
487.6284
365.9362
242.1576
266.8987
551.9584
293.5813
486.2269
224.1896
185.2816
216.1851
448.1862
494.7846
74.5717
511.2711
332.8461
323.0499
478.0473
244.0223
393.962
353.5862
466.9882
493.9023
240.3673
73.8517
404.123
280.6058
79.0703
83.8858
322.6124
534.6859
213.947
467.1503
340.4337
250.9855
484.774
500.165
373.5781
541.9422
377.8543
353.304
485.8526
497.5368
407.7667
256.4648
311.0472
165.4787
306.2277
285.4448
295.8109
549.5463
316.5872
415.7267
462.9949
527.0156
357.5285
380.2185
320.4908
323.4982
268.697
377.8936
262.9894
169.3695
234.7002
532.0838
245.2573
463.0609
294.254
424.2467
175.2945
542.5941
192.8109
300.2307
195.4041
361.6749
277.5634
465.3357
194.6707
408.4521
533.3125
394.6858
364.6862
385.1682
352.2155
184.6097
499.5317
185.9927
311.9257
460.9646
403.0297
191.1191
311.5712
139.3749
438.4811
311.4609
272.9491
283.6519
490.2302
401.1777
371.4418
491.9788
236.6334
353.9652
377.3779
350.9452
462.4064
408.608
291.519
195.4886
463.6205
379.0658
479.8463
81.8461
392.6261
507.3248
294.2529
437.0119
285.93
429.4424
153.1716
122.7781
288.1659
440.7056
410.8258
289.4621
330.3646
403.1364
288.5317
339.3123
261.0343
367.9233
536.0869
451.7372
136.4316
188.0481
420.2854
387.7898
424.0919
320.4911
330.8283
195.3518
233.3266
174.8266
354.9885
179.6629
471.1452
380.3588
380.83
453.4525
215.4998
211.5665
194.4175
420.4668
424.546
452.4784
218.2247
428.9482
396.0477
421.2245
469.6358
169.7401
258.4831
460.0175
467.4098
255.8495
201.1463
509.931
559.4582
341.5569
295.6794
454.1441
457.0097
391.5093
552.6813
438.0685
323.537
392.0193
286.6846
296.9053
430.5523
463.3056
166.9176
402.5763
398.6042
498.589
461.7221
453.008
472.2762
441.2915
444.1573
298.4422
160.1441
321.6964
460.6458
279.3999
396.1074
396.0859
333.9432
296.0499
342.4854
531.8652
548.636
72.6555
170.6185
432.7505
514.7178
432.3105
344.665
528.3268
437.6491
197.8557
332.1663
257.6562
545.4539
427.7471
498.4418
188.5852
445.0712
54.2536
302.9785
459.371
351.144
72.8774
474.5741
190.4385
338.5042
415.5378
480.6464
40.9644
357.3277
483.6188
192.7514
191.415
405.4483
157.8381
194.4067
186.9155
523.147
484.9787
210.3903
535.406
231.0029
247.3036
536.2384
287.9024
488.6272
196.7075
191.2288
391.4184
190.2684
384.3359
177.1848
450.1538
278.4457
307.3239
303.9488
469.0955
88.9899
189.9931
489.3514
173.1871
540.1332
193.7085
187.8036
435.1348
483.4846
135.9423
277.0624
)
;

boundaryField
{
    inlet
    {
        type             zeroGradient;
    }
    outlet1
    {
        type             fixedValue;
        value            uniform 0;
    }
    outlet2
    {
        type             fixedValue;
        value            uniform 0;
    }
    wall
    {
        type             zeroGradient;
    }
}

// ************************************************************************* //
