/*--------------------------------*- C++ -*----------------------------------*\
| =========                 |                                                 |
| \\      /  F ield         | OpenFOAM: The Open Source CFD Toolbox           |
|  \\    /   O peration     | Version:  2.4.0                                 |
|   \\  /    A nd           | Web:      www.OpenFOAM.org                      |
|    \\/     M anipulation  |                                                 |
\*---------------------------------------------------------------------------*/
FoamFile
{
    version     2.0;
    format      ascii;
    class       labelList;
    note        "nPoints:1673  nCells:7155  nFaces:15138  nInternalFaces:13482";
    location    "constant/polyMesh";
    object      neighbour;
}
// * * * * * * * * * * * * * * * * * * * * * * * * * * * * * * * * * * * * * //


13482
(
1
3
158
1496
2
156
3
110
109
2340
5
6
1560
10
1561
2015
7
8
9
10
2325
9
205
2122
206
707
2013
2323
12
17
1210
1697
13
1698
14
15
1878
16
17
40
16
102
21
104
20
1207
19
20
1389
1752
22
1753
21
1383
22
81
89
24
27
2421
25
88
971
26
78
1025
27
140
2321
133
29
30
1144
30
560
2415
31
32
33
1145
2413
33
871
1120
873
1123
35
36
661
1185
38
660
885
37
2178
2263
38
798
1462
225
1184
40
42
107
1206
41
525
42
309
1207
526
2464
44
50
2401
2402
46
1234
2398
46
48
50
90
47
2432
49
2431
49
992
2359
2315
2400
2403
52
54
108
1027
53
1609
54
456
2394
455
2351
56
58
1039
2397
57
2385
58
2396
610
2293
60
61
65
861
62
66
730
62
1162
1279
1176
2166
64
65
69
2388
65
121
861
67
67
2167
2411
68
700
69
212
687
611
2387
71
72
76
73
74
1702
73
993
2386
2367
2369
75
1704
1867
76
1868
2433
2318
78
79
2390
2424
80
905
80
83
2447
82
88
82
83
89
85
1045
268
1863
85
86
89
88
986
87
1486
88
2420
2468
1465
91
92
95
93
96
667
93
2363
2403
1033
2305
95
96
1458
2445
1457
2432
666
2361
98
99
111
154
101
691
2387
100
109
158
101
159
160
595
2389
103
2346
104
105
1046
525
1045
106
108
1027
107
2345
108
527
525
111
2341
111
154
2357
1021
113
115
132
579
114
538
580
115
575
576
585
1042
117
118
2332
2442
119
1597
2325
119
2311
2326
141
902
121
124
636
860
122
643
123
699
2470
124
479
1325
481
1316
126
127
788
1110
129
787
1439
128
655
2329
129
132
644
130
2368
131
1755
2369
132
538
539
1042
134
139
135
140
305
136
138
2390
137
139
1441
138
273
1579
2157
2472
1111
2316
2390
142
143
777
145
779
2395
144
783
1597
145
784
812
341
658
147
148
152
149
150
562
149
2381
2453
2033
2291
151
561
871
152
1761
2283
1760
154
164
690
2356
156
156
163
164
158
158
162
163
2199
161
162
596
161
2110
2330
760
1182
612
2198
1343
1800
1456
2130
166
167
2347
167
174
2328
168
170
169
778
2320
170
172
1668
171
173
175
173
320
778
318
1695
175
2327
1862
177
178
180
711
179
184
573
179
455
1869
309
525
181
183
1869
182
184
1692
183
2174
2409
710
2235
572
638
186
188
2309
187
1310
2384
188
1312
1929
1759
1928
190
192
683
2308
191
2379
2429
192
571
2003
2342
2380
194
203
2304
2416
196
2337
196
202
203
1510
198
198
201
202
1818
200
200
201
1819
2296
2337
1514
1823
2112
2458
2339
2404
205
206
1070
2376
2300
706
902
208
209
700
1452
213
698
2462
210
212
671
211
213
2377
212
611
2419
673
655
2408
215
217
2295
2365
216
1310
217
1311
2234
2233
2459
219
220
1463
1464
221
1115
2166
221
223
425
226
2140
223
224
226
605
225
424
225
714
2411
1462
1176
2126
228
230
2239
229
1541
2241
230
771
1171
1871
2111
232
234
2211
2222
233
2221
2223
234
1809
2237
1810
236
238
396
2226
237
355
2228
238
719
2202
720
2219
240
242
751
2133
241
475
2109
242
615
637
685
2378
244
245
249
2058
246
248
1369
246
290
2054
1336
2053
248
249
360
2057
1373
2055
2056
2062
251
253
2020
2029
252
2028
253
1715
2042
1915
2040
255
258
260
546
256
259
545
257
781
2202
258
1141
1725
1081
1537
261
1407
2209
261
1896
2172
1894
2171
263
265
1889
2252
264
1890
2248
265
1651
715
1955
267
269
272
1812
268
1385
1864
269
1465
1112
2447
271
273
1816
1849
272
1814
273
1441
497
275
277
1810
2099
276
1820
277
1409
2212
721
2222
279
280
772
2236
281
1809
2098
281
394
2225
722
2221
283
285
1787
284
1572
1789
285
1338
2053
2054
2082
287
289
1742
2282
288
872
1743
289
509
1119
2253
2272
291
292
2086
293
2066
2087
293
296
1729
294
1731
295
1730
1897
296
1783
2025
1781
1872
298
300
1719
299
1717
1733
300
1595
1621
1622
1667
302
304
1660
1703
303
1705
304
1376
1965
371
789
306
308
307
1669
2316
308
1634
2155
1580
2157
310
311
312
1174
2465
312
313
317
314
464
315
316
638
315
361
1694
326
640
317
324
1383
1207
1631
319
333
1624
320
1659
1707
1635
1696
322
330
469
550
323
470
1557
324
329
1387
326
330
326
327
329
1693
328
328
1784
2055
361
1549
1386
1552
549
1631
332
334
1627
1880
333
1628
334
1695
1606
1658
336
338
1616
337
1615
338
1177
1208
1210
1698
340
342
1154
1709
341
784
1659
342
1696
1270
1636
344
346
1582
1851
345
1583
1853
346
1813
2154
1584
1837
348
349
1335
1877
350
1875
2039
350
352
1443
353
1446
352
353
1566
1641
1567
1670
1445
1732
355
356
1678
2224
357
719
357
485
507
414
505
359
362
466
1551
361
464
1549
361
362
1865
1769
1866
364
366
1529
365
1531
366
1142
1534
1140
1722
368
370
1521
2023
369
1519
2022
370
1996
2011
1897
2025
372
373
1660
374
1509
1984
374
1472
1216
1352
376
377
418
753
378
780
1681
378
381
382
380
544
380
381
1367
2452
1099
1368
383
750
383
547
608
609
1504
385
387
1500
1831
386
1502
387
2104
2045
2103
389
391
1469
2151
390
1468
2150
391
444
1939
393
396
718
1093
394
716
1172
395
770
396
805
2225
505
398
400
1428
399
1426
1438
400
1828
2060
439
1284
402
403
823
1148
404
2242
404
1340
2145
1339
2146
406
407
1163
1361
408
1340
2145
408
886
1933
1151
1526
410
411
754
1630
412
434
753
412
415
416
414
485
414
415
420
882
418
417
617
417
601
1630
599
2106
419
422
420
423
608
474
592
422
423
543
720
719
780
1506
1562
425
428
1184
426
1461
427
429
874
428
431
2134
631
816
430
2140
2193
431
1345
2141
2137
2139
433
434
485
1394
435
1277
1678
435
1292
782
849
437
439
1288
438
1286
1898
439
1827
1998
1424
441
443
458
1278
442
847
1983
443
446
1984
444
1214
445
1213
446
1939
1664
1748
448
449
846
1983
450
791
843
450
1662
1746
1160
1700
452
453
455
1869
454
456
1607
454
2235
2392
1770
2457
2392
1276
1613
458
461
1277
459
1215
460
1352
1509
461
829
1508
1330
2284
463
467
1208
1615
465
1178
465
467
466
1175
1765
549
1631
469
470
1697
1210
1616
1384
1553
472
474
589
592
473
1512
1603
474
1093
1562
882
476
477
2108
478
840
1291
478
481
637
480
1156
480
481
482
484
746
636
483
1280
2470
484
1281
2449
554
810
1320
487
489
1108
488
1107
1481
489
1468
1941
1469
491
493
1107
1479
492
1108
493
1082
1533
1080
1096
495
496
1386
1693
497
1813
2154
497
1864
2422
2472
499
504
1104
501
1102
2034
501
502
504
1138
503
1136
503
2187
2256
774
839
1103
2260
506
884
507
726
805
1888
2192
509
511
886
1361
512
634
511
512
816
1184
817
1273
885
2230
514
516
1033
1048
515
651
1063
516
924
936
1054
1061
518
520
611
2419
519
642
1042
520
994
1041
944
1068
522
523
541
575
524
1052
1063
524
1023
1047
912
987
527
2463
2465
1609
529
532
955
971
530
963
531
984
532
961
1075
1015
1034
534
537
993
535
1059
1072
536
1041
1056
537
994
1074
2334
2386
541
2382
540
993
1072
541
946
1052
1023
543
547
1506
2425
545
1407
545
546
547
780
1099
2426
704
549
550
626
1615
1549
627
1616
552
557
811
2287
553
792
842
554
555
1156
556
557
556
790
1440
757
2448
810
2288
559
560
1144
561
1761
561
563
562
564
564
566
567
610
2291
566
567
1040
610
2348
2415
569
571
2379
2452
570
684
2378
571
2338
2380
1367
573
674
2410
891
905
575
576
606
2312
1063
581
590
578
579
1604
1744
580
1269
1290
584
2329
581
2383
1269
2313
583
584
1132
2377
585
650
2419
585
1744
590
587
588
1602
2388
589
2331
2440
589
597
598
616
607
1845
592
593
616
617
594
594
609
669
608
1512
596
1279
2131
613
725
598
881
1162
614
861
600
881
1161
601
629
2165
628
747
603
604
837
838
605
2127
2129
605
631
836
1315
607
651
2310
650
1131
1506
668
749
643
613
1347
2195
724
1342
615
860
1161
616
755
669
754
755
619
620
1182
2113
621
1172
1183
621
760
1603
761
1093
623
624
1620
1916
625
866
1914
625
1915
2040
1913
2017
627
1547
1555
630
1320
2120
630
731
1321
1118
1319
835
2139
633
634
1119
1490
635
1127
1128
635
887
885
1083
637
654
653
639
640
641
674
2422
641
1692
657
1693
643
644
654
645
645
1280
655
2470
647
648
2305
2348
649
673
2354
649
651
1033
650
2419
1130
678
653
654
663
994
665
685
1280
2471
657
658
1270
1374
659
1271
659
814
695
2395
662
714
1084
662
670
2455
672
1397
664
2367
2386
665
1282
2317
682
1349
667
2355
2356
889
2359
669
2338
2378
2418
671
1452
2456
672
1513
673
2354
686
2395
2424
676
677
1040
2406
678
2333
2348
678
1004
2364
2310
680
681
864
1986
682
1985
2133
682
683
1157
685
684
2379
685
2380
687
688
714
689
2411
689
2127
2362
691
2428
691
2130
2361
2428
693
694
705
2231
695
706
708
695
2174
2409
2299
697
706
2184
2376
705
1420
2298
699
2200
2471
700
1329
1323
702
703
1095
704
2297
2426
704
1504
2337
2296
2183
2302
707
709
2232
709
762
815
764
2013
711
712
2409
713
892
713
2235
2302
2294
2392
1315
1907
2251
717
722
766
718
723
1410
720
1562
781
2201
722
723
2220
2098
1412
2201
725
761
1094
760
1602
727
728
1447
729
883
1953
729
739
2194
2141
2193
731
732
2166
733
2165
733
1464
2167
1326
2164
735
736
1799
2190
737
1341
2188
737
738
2135
740
2138
739
2247
2250
740
2245
2137
2141
742
743
1226
2163
744
1523
2161
744
1322
2121
1319
2120
746
747
811
1291
748
810
748
2120
1325
2121
750
751
2378
752
2452
752
754
753
2107
782
2109
2106
2109
757
758
1975
2448
759
1964
759
1976
2079
1974
2288
2440
883
1953
763
1372
1917
764
1919
2001
1918
2018
766
767
1817
2097
768
2098
768
1871
2113
772
1172
770
771
806
859
772
1172
772
2236
774
775
838
2036
776
2034
776
836
1743
1742
2256
778
1699
2311
779
1633
1696
781
1680
1629
1681
785
1599
1606
785
868
1605
1658
787
788
1757
1967
1085
1758
1195
2439
790
791
1700
792
1964
792
1509
1508
794
795
852
1952
796
1687
1950
796
1126
1494
1493
1990
798
799
857
2261
800
855
800
1116
1463
1464
2164
802
803
1451
2181
804
1305
1450
804
1452
2456
1449
2462
807
809
807
858
1957
808
1447
809
1889
1957
1649
1890
1395
1292
1394
813
814
868
815
866
1914
815
1374
1372
818
835
818
1365
2142
1364
2134
820
821
1526
1932
822
1524
2159
822
1165
1340
823
1522
825
826
1336
2053
827
867
1337
827
1338
1877
1335
1675
829
830
1351
1470
831
1507
831
832
1332
834
1334
833
1186
1980
834
1982
2043
1333
2091
836
1363
2230
839
1344
2128
839
1296
1297
841
842
1156
843
1985
2133
843
1292
848
845
846
1158
1746
847
1748
1942
847
848
850
849
2132
850
1629
1278
2149
852
853
1229
1935
854
1937
854
856
2262
887
1083
856
2175
2263
857
1934
1149
1274
859
1173
1959
1171
1183
861
1316
863
864
1158
1746
865
1159
2430
865
1160
1157
2434
867
1155
868
1153
1154
870
1721
2224
1140
1529
2208
872
2283
873
1741
1122
1124
875
876
2193
877
2194
2244
877
880
1118
879
1114
879
880
1152
1273
1150
2142
1117
1461
882
1109
884
884
1094
1093
1084
887
1274
1933
889
890
962
2359
890
1068
1021
2357
892
893
1073
893
897
901
2410
982
1000
7115
1002
1062
4081
7115
1005
1013
3886
898
899
1024
900
1007
1044
900
915
1070
903
1020
902
906
1070
2299
1029
2374
1035
1049
1050
1054
1045
1073
911
1008
2326
941
1076
6471
1002
1053
6794
7115
910
923
935
939
913
922
933
1030
1070
1000
1037
1053
935
1071
1076
915
917
1016
1024
990
1030
968
1038
5378
5550
918
1015
1025
960
1008
1030
950
956
966
5354
965
1006
1016
1034
1048
1060
1068
1069
969
1004
1043
943
1043
1049
1004
1043
1049
950
956
970
985
947
959
5177
967
4792
5617
994
1009
1074
2380
938
950
970
995
1006
4724
4730
955
963
5630
1005
1014
1016
1026
940
941
1038
977
4360
5458
5780
1010
1077
987
1002
1011
964
1009
1021
2304
983
1039
943
999
5935
968
969
5288
969
1036
2364
977
5458
1009
1021
2387
948
990
5156
1000
1037
948
1030
6900
1023
1032
1047
973
981
1066
7105
957
1057
1058
1018
1031
1055
1063
982
1031
1055
1059
1017
1019
5369
5427
988
1066
967
976
987
1047
960
975
961
974
964
992
1060
979
1022
990
4724
7109
973
5367
5689
972
976
1012
976
980
1014
1015
1053
5403
983
999
975
1075
5457
5335
6652
1011
985
1035
980
985
1035
984
4732
1050
1035
1065
1057
1062
1077
5422
1051
1014
1046
1053
989
1065
992
1060
1064
1020
996
1067
4724
996
997
998
1005
1028
1044
1067
1077
6471
1052
1011
5378
5438
5458
5438
1007
1044
2351
1071
1006
3886
1029
2294
1025
2347
2416
1039
1049
1071
1043
4792
5550
1017
1019
1019
1016
4737
6049
1041
1042
1072
1067
1058
1074
1037
1026
1073
1073
1028
1046
1028
1044
2301
1052
1072
1036
2382
1068
4737
6911
1047
2312
5288
5935
1050
1071
1069
1046
1055
1061
2397
4360
5369
1064
2400
1069
1058
1059
1069
1059
1060
1062
1064
1066
1065
1066
2342
5194
5422
1077
1080
1097
1105
1720
1082
1106
1534
1722
1081
1098
1082
1724
1538
1126
1185
1124
2229
1091
1829
2077
1090
1755
2076
1092
1756
1830
1089
1832
2075
1090
1092
1091
2081
1092
1758
1833
1109
2191
1100
1367
2003
1101
2004
2217
1098
1368
2006
1099
1101
1100
1101
2426
2008
1133
2032
1134
2254
2031
2255
1107
1467
1478
1108
1466
1483
1162
1321
1281
2200
2471
1113
2421
1486
2468
1441
2469
1148
1320
2192
1118
1321
2191
1117
1149
1319
1118
1463
1122
1218
1144
1220
2281
1123
1125
1145
1219
1123
1128
1225
1128
1397
1129
1398
1491
1127
1396
1129
1494
1129
1402
1131
1132
1459
1845
1847
1405
1744
1136
1294
1138
2186
1137
1293
2185
1137
1297
1138
2189
1142
1528
1532
2203
1141
1726
1142
2207
1536
1211
1512
1603
2417
1147
1399
1487
1920
2467
1398
1921
2466
1150
1522
1152
1523
1151
2145
1152
1525
1274
1335
1605
1916
1337
1370
1336
1369
1913
1349
2308
2317
1931
1986
1683
1745
1930
1682
1985
1316
2106
1602
1168
1198
2267
1169
1199
1339
1170
2265
1167
1200
2266
1168
1169
1205
1170
2268
1170
1340
1179
1956
1180
1447
1954
1607
1694
1869
1178
1610
2465
2131
2411
1206
2464
2463
1181
2111
2197
1183
1953
2196
1182
1183
2198
2114
2261
1317
2262
1192
1470
1790
1191
1473
1792
1193
1791
1977
1190
1471
1979
1191
1193
1192
1474
1193
1796
1980
1405
1449
1604
2461
1450
2200
2462
1922
2234
2460
1569
1920
2233
2459
1203
2253
2272
1204
2254
1205
2273
1202
2255
2275
1203
1204
2259
1205
2276
1205
1489
1878
1209
1209
2464
1210
1631
1514
2113
2458
1217
1350
1214
1215
1216
1217
1217
1352
1223
1353
2272
1224
1354
1225
2274
1222
1355
2273
1223
1224
1360
1225
2278
1225
1230
1934
2175
1232
1686
1932
2159
1233
1685
2160
2177
1231
1687
2176
1231
1232
1935
1233
2182
1233
2163
1688
1235
1453
1750
1289
2398
1241
1790
2043
2074
1242
1791
1831
2045
1243
1793
1832
2075
1240
1829
2046
2077
1241
1242
2048
1243
2078
1243
1834
1795
1250
1375
1790
2074
1249
1378
1792
1251
1377
2076
1248
1793
2075
1249
1251
1250
1797
1251
1380
2080
1289
2290
2396
1257
1264
1987
1259
1921
1988
1260
1263
1922
1258
1261
1920
1989
1258
1259
1993
1260
1266
1260
1927
1266
1307
1966
1267
1309
1968
1268
1308
1265
1969
1266
1267
1973
1268
1268
1313
1798
1845
1370
1693
1371
1692
2174
1276
1460
2394
1274
2261
1276
1460
1772
2457
1608
1278
2148
2150
1602
2388
2368
1395
1439
1349
1440
1682
1286
1825
1897
2066
1288
2068
1287
1899
2067
1287
1903
1288
2072
2385
1798
1929
2383
1292
1630
1297
1454
2125
1298
1455
2032
1296
2033
2127
2360
1298
2036
1298
2446
1303
1449
1966
1989
1305
1451
1687
1990
1306
1450
1685
1967
1304
1684
1969
1987
1304
1305
1992
1306
1971
1306
1689
1311
1929
2233
1313
2234
1314
1928
1312
1312
1313
1314
1314
2127
2229
2165
1396
1451
2455
1399
1449
1513
2456
2164
2118
2166
1326
2164
2175
1328
2167
2178
1329
2119
2177
2200
1327
2165
1327
1328
1329
2121
1329
2180
1334
2088
1333
1978
2090
1350
1979
1334
2093
1670
1872
1673
2052
1672
1874
2143
1345
2141
2195
1347
2126
2140
1348
2125
2185
1346
2139
2187
1346
1347
1348
2188
1348
2128
1985
1351
1471
1352
1477
1358
1490
2267
1359
1491
1360
2266
1357
1492
2264
1358
1359
1495
1360
2271
1360
1365
2253
1366
2135
2143
2254
1364
2136
2256
1366
2138
1366
2144
2257
1504
1404
1679
1372
1919
1374
2055
1373
1917
2057
1373
1374
1379
1470
1962
1381
1472
1382
1963
1380
1473
1380
1381
1475
1382
1382
1965
1387
1863
1389
1432
1752
1390
1431
1753
1388
1430
1388
1389
1390
1864
1390
1436
1760
2031
2453
2032
2290
2454
1404
1931
1986
2379
2118
2284
2119
2285
1400
1990
1402
2413
1403
1988
1401
1989
1401
1402
2455
1403
1994
1403
2466
2107
2452
1513
2377
2124
2184
2375
1412
2201
1413
1819
1891
2296
1414
1820
1893
1411
1817
2218
1412
1413
2425
1414
1414
1822
1894
1419
1423
1995
2183
1421
1424
1998
1422
1997
2184
1420
1425
2298
1420
1421
1427
1422
1422
2002
1426
1437
1826
1428
1427
2371
1427
2451
1428
1433
1554
1811
1435
1552
1813
1436
1812
1434
1553
1434
1435
1558
1436
1436
1815
1770
2123
2450
1773
2451
1976
2449
1867
2367
2447
1446
1734
1873
1563
1874
1445
1565
1735
1446
1737
1887
1798
1847
2233
2365
2177
2176
2178
1457
1938
2363
1458
2130
2445
1457
1938
2446
1458
1751
2355
1750
1749
1487
1513
2354
2352
1463
2261
1464
2167
1486
1753
1469
2147
1468
1942
2149
1946
1475
1476
1477
1474
1475
1476
1477
1477
1484
1942
2006
1483
2004
1485
1940
2005
1482
1941
1483
1485
1484
1485
2007
1943
1569
2349
1489
1878
2346
2345
1494
1949
1495
1988
1493
1947
1987
1495
1991
1495
1511
2197
1502
1969
2100
1501
1830
1968
1500
1829
1967
2102
1501
1835
1502
1970
1515
1930
2343
2338
1506
1512
1562
2218
1508
1962
2286
2287
1983
2112
2444
2111
2443
1817
2218
1683
2335
1520
1898
1998
1521
1900
2019
1519
1997
2021
1520
1999
1521
1901
1524
2158
1525
1934
1525
2161
1526
1936
1530
2204
1531
2203
1530
1531
2205
1536
2169
1538
2168
1535
1536
1538
1537
1538
2172
1544
1649
1957
2236
1545
1651
1955
1546
1956
1543
1652
2237
1544
1545
1656
1546
2241
1546
1960
1550
1785
1551
1786
1866
1550
1551
1788
1558
1570
1557
1559
1571
1556
1573
1557
1559
1558
1559
1575
2014
2122
1666
2012
1567
1672
1568
1642
1671
1566
1644
1568
1645
1568
1677
1847
2333
1576
1784
1837
1575
1838
1577
1840
1574
1785
1575
1577
1576
1577
1841
1789
1582
1585
1850
1583
1849
1581
1586
1582
1583
1590
2157
1590
1636
1709
1589
1708
1591
1634
1588
1635
1707
1589
1591
1590
1712
1591
1639
1595
1667
2441
1596
1846
2442
1598
1605
1617
1879
1600
1881
1601
1606
1880
1599
1619
1599
1600
1621
1601
1601
1885
2442
2440
1754
2439
1657
1699
1613
1763
1612
1762
1614
1611
1765
1612
1614
1613
1766
1614
2465
1621
1714
1916
1622
1666
1715
1915
1620
1914
2323
1621
1622
2438
1627
1641
1657
1879
1628
1643
1626
1644
1882
1627
1628
1646
1883
1679
2107
2108
1846
1862
2327
1638
2153
2320
1639
1669
1640
1668
1637
2154
1638
1639
2155
1640
1696
1640
2436
1646
1706
1647
1708
1648
1707
1645
1646
1647
1648
1648
1713
1655
2225
1654
1888
2224
1656
1653
2223
1654
1656
1655
2227
1656
1890
1658
1706
1659
1710
1663
1665
1701
1745
1663
1665
1703
1664
1984
1665
1747
2438
2437
2436
2435
1675
1706
1676
1708
1839
1677
1840
1674
1709
1837
1675
1676
1711
1677
1677
1842
1680
1721
1681
1720
1681
1725
1867
2434
1868
2433
1690
1947
2100
1689
2102
1691
1948
2101
1688
1689
1691
1690
1691
2105
1950
1694
1865
1699
1862
1752
1878
1846
1703
1867
1704
1868
1705
1963
1704
1705
1711
1712
1713
1710
1711
1712
1713
1713
1717
1732
2039
1719
1718
1734
2038
1718
1738
1719
2042
1724
2149
1726
2148
1723
2147
1724
1726
2152
1725
1726
1730
1779
1900
1731
1899
2083
1780
2082
1731
1902
1736
1879
1738
1881
1739
1737
1882
1737
1738
1884
1739
1739
1742
2031
2255
2280
1743
2033
2229
2258
2230
1845
1747
1940
1747
1748
1944
1751
2431
2432
2315
1757
1929
1966
1758
2309
1759
1928
1968
1759
1972
1759
2280
2281
1766
1854
1768
1856
1865
1769
1855
1866
1767
1767
1768
1769
1769
1861
1774
1856
1776
2372
2391
1777
1854
1775
1857
1775
1776
2450
1777
1859
1777
2457
1782
1873
2027
1783
2026
1781
1874
1782
1876
1783
2030
1789
2052
1788
1787
2051
1788
1789
1796
1795
1797
1794
1795
1797
1796
1797
2313
1804
1905
2196
1805
2185
1806
1906
2197
1803
1908
2186
1804
1805
2190
1806
1909
1806
2199
1808
2096
2238
1809
1810
2099
2240
1815
1848
1814
1816
1815
1816
1853
1821
1823
2096
1824
1822
1822
1823
2097
1824
1824
1827
1996
2058
1828
1995
2061
1828
2000
2063
1833
1835
1836
1834
1834
1835
1836
1836
1841
1843
1848
1844
1850
1842
1842
1843
1844
1844
1851
2311
2310
1852
1853
1851
1852
1853
1859
1860
2059
1861
2061
1858
2060
1859
1860
1861
1861
2065
1864
2422
2057
2056
1871
2096
2112
2238
2116
1876
2037
1875
2038
1877
1876
2041
1877
1883
1885
1886
1884
1884
1885
1886
1886
1889
1954
2250
1890
2248
1958
1895
2297
1896
2168
2217
1894
2170
1895
1896
2427
1901
1903
1904
1902
1902
1903
1904
1904
1909
1954
2250
1911
1956
1912
1955
1910
2249
1910
1911
1912
2251
1912
1961
2011
2037
2013
2012
2039
1995
2231
1997
2014
2232
1996
2011
1925
1926
1927
1924
2405
2412
1925
1926
2467
1927
2460
1927
2005
2430
2006
2429
1936
1948
1937
1949
1935
1936
1937
1952
2290
2306
1945
1944
1946
1943
1944
1946
1945
1946
1950
2264
1951
2265
1952
2267
1951
1952
2269
2195
1959
1960
1961
1958
1959
1960
1961
1961
1964
1974
1965
1975
1965
1972
1971
1973
1970
1971
1973
1972
1973
2074
2286
2076
2369
2077
2285
1981
2045
1982
2044
1980
1981
1982
2050
1984
2132
1991
1993
1994
1992
1992
1993
1994
1994
2001
2000
2002
1999
2000
2002
2001
2002
2009
2008
2010
2007
2008
2010
2009
2010
2429
2017
2016
2020
2018
2015
2021
2016
2018
2017
2022
2018
2023
2026
2024
2022
2024
2024
2029
2029
2037
2030
2028
2038
2030
2030
2034
2035
2036
2035
2036
2453
2040
2042
2041
2041
2042
2048
2091
2049
2090
2101
2050
2047
2089
2102
2048
2049
2094
2050
2050
2103
2054
2056
2084
2053
2055
2086
2059
2061
2062
2066
2064
2069
2065
2068
2063
2063
2064
2065
2065
2073
2072
2071
2083
2073
2070
2084
2071
2073
2072
2087
2073
2078
2080
2081
2079
2079
2080
2081
2081
2086
2087
2085
2086
2087
2093
2158
2284
2094
2160
2285
2095
2159
2092
2286
2093
2094
2289
2095
2095
2162
2097
2099
2099
2104
2105
2103
2105
2105
2108
2132
2109
2115
2339
2404
2116
2117
2114
2115
2116
2117
2458
2117
2444
2120
2158
2121
2160
2124
2232
2183
2235
2302
2300
2128
2130
2129
2131
2129
2428
2428
2133
2137
2244
2186
2243
2138
2139
2187
2138
2191
2144
2244
2146
2243
2145
2146
2246
2151
2152
2150
2152
2152
2155
2316
2423
2156
2156
2157
2472
2161
2162
2163
2162
2163
2172
2173
2210
2171
2212
2173
2214
2173
2231
2180
2181
2262
2182
2179
2180
2181
2263
2182
2182
2231
2232
2189
2190
2188
2189
2190
2193
2194
2242
2245
2196
2198
2199
2199
2219
2207
2209
2206
2210
2205
2211
2223
2206
2208
2207
2215
2208
2228
2215
2219
2214
2216
2213
2214
2216
2215
2216
2222
2427
2425
2220
2221
2222
2226
2227
2228
2226
2227
2228
2230
2241
2240
2239
2240
2241
2246
2248
2247
2249
2245
2246
2247
2252
2251
2252
2252
2257
2259
2260
2258
2258
2259
2260
2260
2263
2270
2269
2271
2268
2269
2271
2270
2271
2276
2278
2279
2281
2277
2280
2277
2278
2279
2282
2279
2282
2283
2283
2287
2288
2289
2289
2289
2292
2293
2307
2293
2381
2396
2306
2303
2393
2364
2406
2425
2427
2301
2374
2395
2410
2375
2303
2373
2303
2372
2341
2307
2362
2307
2363
2360
2343
2430
2382
2366
2328
2314
2366
2314
2383
2365
2384
2358
2322
2319
2434
2319
2336
2386
2335
2433
2322
2436
2322
2347
2435
2325
2438
2325
2332
2437
2328
2328
2408
2439
2331
2417
2440
2389
2418
2441
2350
2407
2336
2344
2336
2343
2416
2341
2444
2341
2443
2344
2344
2346
2350
2350
2354
2414
2412
2353
2393
2353
2394
2391
2356
2358
2357
2358
2359
2362
2446
2362
2445
2402
2366
2366
2370
2370
2449
2370
2448
2373
2451
2373
2450
2376
2376
2408
2454
2384
2384
2399
2389
2389
2423
2393
2457
2393
2399
2401
2399
2401
2403
2402
2403
2417
2458
2407
2460
2407
2459
2461
2410
2414
2415
2414
2466
2467
2418
2418
2421
2469
2424
2424
2472
2427
2430
2432
2434
2436
2438
2461
2442
2444
2446
2468
2449
2451
2454
2456
2460
2462
2464
2467
2469
2471
2671
2677
3226
4518
2500
3252
4912
5193
2834
3761
4518
5253
2651
4017
4805
4911
2483
2650
3774
6178
4672
5204
5219
5242
3119
3248
3718
5307
2982
3528
3823
6153
2484
2508
3539
5575
3099
3108
3347
4829
3864
4240
4677
2509
4508
4531
3188
5311
5472
5755
2488
2489
4387
4680
3775
4439
4767
4989
2518
5848
7009
2517
2519
7139
2492
2494
2751
3891
2492
2495
2524
4060
2493
2523
2494
4243
6851
4215
4231
2936
3814
4626
2497
2507
3345
4656
2960
3108
6990
2674
3002
5499
4217
4436
5582
6280
2504
3195
2502
2540
2557
2560
2561
2562
4606
3982
4678
5299
5955
2743
2918
4283
2506
3614
4656
3331
3345
6050
2960
6882
2509
2550
5362
2510
5850
4068
5810
3149
3338
5362
5402
4360
4713
5780
4795
5045
5244
5690
2723
3617
4843
7007
4415
4633
5143
6375
4647
6332
6535
6769
2518
3636
6992
3844
5336
2925
4680
6953
2521
2869
3371
4688
6851
7126
3115
5336
5848
2524
3725
4673
4313
6035
2526
3280
7061
7151
3312
3541
3865
2529
3054
3482
5571
5137
5716
6822
4062
4184
5443
2531
3155
4166
4226
2533
2538
3267
2533
2534
4226
6478
2535
6712
2535
4175
4785
2536
3274
2537
4526
6765
4175
4215
5266
2923
5295
6765
4874
6009
6116
6823
2541
4188
4804
2557
6622
6834
2543
4517
5635
6711
2546
6622
2547
2751
3791
4231
2546
2558
3862
4517
2559
2936
4962
5285
3790
4838
5239
5693
2550
3865
7061
3149
5810
3659
4049
4362
5503
2553
2554
5231
5862
5278
5456
5857
4053
5233
5239
2556
3900
4747
6128
4327
4811
6086
2559
3157
2559
2560
5246
5313
2562
6683
3099
3347
6907
3512
6907
5078
6463
6478
6712
2565
2566
2656
4347
4881
5436
5842
2709
4170
4317
3520
5605
5862
6828
3449
3520
6828
2570
2627
3193
3751
2641
3068
3446
2572
2579
2927
3945
3128
3185
4267
2574
2576
2578
3439
2577
2725
2927
2584
2633
2818
3130
2600
2638
3265
2578
2602
2662
2640
2710
2662
2780
4527
2581
2582
2639
3284
2585
2826
5026
2584
2631
2633
2703
2783
2870
3820
5026
6302
2647
2860
2915
2587
2605
2659
4998
2592
2595
5144
3259
4269
4649
2880
2906
5522
6720
2591
2635
2659
3412
2592
2604
2658
2606
4693
2594
2607
2928
3954
2661
3273
4473
2605
2663
3017
2598
2665
2939
3180
2718
2731
3396
7052
2660
3559
5143
2606
2663
2950
3273
2630
2927
3128
4279
4741
5590
2603
2901
2938
2604
3412
6690
2618
4111
3396
4286
2658
6035
2612
3179
3273
4223
5474
5486
7111
3536
4357
6206
6580
2611
2700
3006
4003
2698
2921
4358
2678
2967
4369
2616
2718
2731
3177
2615
2618
2708
6875
2901
2980
3975
2622
2732
3837
2620
2802
6720
6782
2901
4254
2621
2632
3840
6772
2808
5900
6574
2622
5897
6169
3540
6383
2776
6257
6467
6865
2625
3600
3675
3679
4065
5826
6284
3232
6286
6360
6845
2640
3123
3265
2629
2637
3128
5922
3078
3185
4018
2631
2639
3136
2836
2867
3540
4557
7052
2637
5922
2696
3438
3751
4260
2636
2928
4473
2662
2670
3068
3193
3265
2639
3284
4944
2814
2657
3068
3193
4018
6460
2721
2845
3194
3845
2644
2900
3172
4427
3010
3380
4528
2646
3630
4829
7137
3602
4187
4869
2892
2894
3934
2672
2830
3158
3939
2669
4968
5124
5983
2676
2824
3247
2834
3131
6175
2721
2949
3185
3948
2654
2859
4641
7052
3150
3175
3692
2749
3678
3732
4028
4881
5426
2666
2681
2895
4473
6617
2931
4641
2664
2923
3438
2665
2683
3802
3412
2913
3179
2665
2666
6187
2888
2683
6617
2672
2891
2981
3436
2953
2958
4298
4345
2858
2962
3978
2780
3150
4018
3224
5561
6446
3001
4341
2674
3002
4251
4425
6280
2679
2695
2820
3810
3025
3162
6178
2834
2884
4805
2712
2872
2954
2731
2954
3176
3952
4001
6080
6134
2979
3123
3438
3250
3266
6608
3068
4473
2686
2687
2844
3930
2686
2747
3471
6734
3372
4492
3304
3372
6374
2690
2908
5147
5652
2697
3192
4260
5832
3923
5677
5821
2692
2920
2969
4027
2729
2919
3120
2800
4319
5284
6874
2697
2986
3446
6460
2712
3411
5516
2865
5832
6756
2823
4346
2699
3291
6129
3006
3626
6581
2701
4104
4577
2921
4100
6946
3781
4145
6422
6781
2872
2967
3141
4089
4351
4553
5413
2852
2937
5511
6565
3006
3465
4440
4577
2952
2955
3421
6497
3232
3891
4024
4028
6618
6795
2895
2901
2985
2728
4013
5076
2975
4369
2933
2951
3421
5934
2727
3435
4577
6946
2716
2721
2846
6168
2949
3067
4499
2758
2962
4887
6017
2920
3540
2720
3194
3395
4874
3186
3945
4267
4267
2924
3112
3117
4306
2767
5249
5773
2983
3256
3742
3934
2765
2827
2938
3734
4191
6030
7136
2940
3832
5934
5064
5081
6564
2970
4019
5035
2829
5634
5645
2820
2820
5319
6169
2734
2745
3343
4069
2736
2744
3824
2736
2741
3343
4019
2739
3120
2738
2739
4236
4602
2740
3998
6866
2740
4250
2741
3029
4575
6193
3876
5211
5933
6267
2918
4955
2745
3797
4124
3624
4072
3457
3818
5688
6408
4547
4854
6356
3024
3491
5116
7056
3543
3981
2758
3263
3978
6693
2936
4024
2753
2765
2914
5178
3025
3162
7119
2755
2757
3026
6857
2756
4236
4880
2757
4484
6910
3856
6173
2761
4286
2760
3856
4192
6910
2763
5513
6129
4676
4998
6017
3432
5446
5626
5878
2764
6145
6581
3830
6199
6819
2766
4937
3028
3162
4472
4843
5821
7020
2769
2775
4492
5185
4242
6588
6803
2771
2772
2774
6836
2772
4242
7067
5750
2774
4508
4531
5750
3712
6588
3930
4242
6919
3110
4099
7068
3674
6418
6461
6865
2779
3122
3414
6954
2974
3736
3185
3692
2782
2878
3430
4021
3219
3370
6384
2784
2872
2966
2785
2879
4014
2870
3370
3749
2787
2789
2792
4374
2791
3784
3992
2817
2882
2905
6498
2795
2961
4097
2791
2792
3212
7121
2797
6387
2794
3765
2794
2835
5451
7121
2795
3691
3926
3949
2797
3953
3992
4253
3361
3744
3070
3420
3601
3796
5005
5323
5370
3418
4342
5016
2803
2889
3109
4252
2808
2880
4032
2806
4738
5758
2805
3196
5758
6274
2806
4103
5260
2807
3082
2889
2890
4427
3923
2810
2829
3946
7144
2811
4161
4948
4235
6072
2813
2893
3088
5450
2814
2826
3392
2816
3233
2891
3127
3939
5855
2893
3136
6827
3239
4352
5507
2953
3317
5533
4252
4738
6133
6302
3386
2899
3262
6360
6958
3256
3431
3970
6328
2831
3127
3977
4087
4472
4507
3028
3200
4087
4472
2892
6573
2968
3307
3439
2830
2832
3127
3939
4235
5542
2958
3365
2832
2986
3645
3825
5650
2891
2981
4345
5167
7123
2861
3926
4739
3133
3136
6133
3003
3747
4337
2839
2863
3359
5449
2866
3969
6087
3145
3821
4639
6120
2971
3232
3511
6845
2843
4065
4215
6742
3364
4175
3027
6372
7032
3948
4543
6264
2857
3697
4267
2861
3011
4341
6238
2971
3013
3277
4785
3313
3322
3701
5393
2886
2887
2979
5078
3395
3945
4527
7134
2922
5028
5109
3539
3713
4508
4511
3598
3983
4784
7078
2856
2865
2894
3146
3311
3934
4903
2867
3067
3133
2970
4210
4610
2926
2931
4557
3123
3284
4529
3220
4530
3318
4501
4841
3173
3969
5021
3422
3482
4062
5342
3004
3694
3318
3359
4459
3128
5922
2889
3215
5982
6323
4782
5614
4248
4790
2890
3134
3144
3957
3161
3168
3361
3410
4593
2979
2985
3479
4529
3376
3685
3926
5982
3171
4335
4484
4880
2879
3161
3167
3176
3169
3219
3416
3219
3389
4699
4780
2882
3001
3279
3406
3190
3373
2906
2908
5170
3227
3659
5087
4304
4681
5211
6326
3267
3438
3694
3267
4963
6712
3180
3375
7037
3144
4103
6933
6031
2983
4528
3752
5951
2915
3010
2979
4254
3245
3757
4283
4487
4201
5085
5846
2968
2980
3561
3975
3305
3461
3927
3082
4528
6573
2903
3062
3985
4876
3061
5028
5109
3408
4087
4758
5487
2907
3507
4353
4678
6269
4015
4878
6392
4780
3297
3875
4200
4511
2911
2913
3171
3423
3824
4124
6345
2913
3017
3120
3824
3183
2938
5686
7118
3817
6756
2936
4111
4693
6565
3062
3407
5675
6206
3195
5647
3017
3263
4286
4286
4887
2952
7099
3121
4962
6565
3267
6849
3113
3116
5798
3115
3393
5198
3692
4527
4543
5199
3150
4641
2930
2933
2935
6819
2934
5624
6519
4998
6995
2937
3866
4998
5360
3830
6585
2935
3339
4113
3290
3884
2990
5144
2980
3559
3802
4941
4685
4704
6247
3047
3048
3883
4866
3342
3515
3771
3882
5274
6005
3313
4549
5228
5250
3342
3515
4008
5635
4679
5252
7112
2948
3801
6231
3798
5995
3078
4844
3423
6035
7036
3830
4440
6581
5165
6129
3310
3817
3161
3179
3832
3925
6946
3407
3546
4609
6600
4002
5918
5984
6151
3928
4341
3422
3482
4234
4854
4625
4651
3190
3992
6498
5046
6288
3022
3122
3271
4141
3021
3415
3437
5071
2966
2975
3260
3385
4014
5727
3184
3375
3009
3428
2970
4030
4610
6373
3069
3274
4690
5263
6068
7028
3996
4167
4584
6496
3021
3737
3384
3391
3225
3851
5007
6085
3156
4252
6302
6323
3808
6537
6567
5870
4298
6661
3504
4885
6210
3257
6095
3080
3235
4906
5916
3428
3439
3032
6109
3061
3362
5022
6450
4138
6458
6592
2990
4222
5423
6716
5028
5303
3100
3994
4458
5090
3456
4123
4482
5961
2994
3324
6174
7016
3000
3552
2996
2998
3470
6174
2997
2999
6449
3000
5723
2999
3466
5024
3580
5122
4131
3220
4639
4772
5891
3723
4790
6260
3285
5167
5832
3007
3016
3246
4005
6470
3008
3018
3013
3298
6698
3014
6361
6401
3146
3172
3156
4739
6323
3164
3298
4996
6361
3246
6361
3305
3306
3461
3172
3817
4255
4466
3019
3283
3305
4222
3298
3301
6233
3301
3306
6079
4016
5062
5074
6218
3387
6628
3524
4171
6218
3201
3235
4906
3443
3494
5188
3809
4266
3427
3430
5917
3281
6371
6821
4399
5199
3687
4026
5089
3558
4038
4197
6189
3124
3130
3156
6241
3038
3802
3954
4574
5644
5757
6724
3035
3976
4982
5627
3036
5864
7045
3037
3593
4299
3039
4488
4982
3042
3646
4941
3594
3714
6656
3041
3044
3332
3593
3043
6601
7151
3184
3391
4369
3594
5575
6192
4265
5038
5864
3049
3210
3229
3888
3047
3883
5677
5821
6544
4169
4476
5308
3209
3231
3612
4495
5278
5543
5950
3213
6366
6807
3718
5290
5307
6737
3623
5096
6094
3221
4184
5557
3056
6032
6523
6899
6704
6738
6876
3058
3538
4037
6700
4035
6696
7098
3060
4025
4909
5079
3538
4036
4434
3062
3545
4004
3064
3994
6525
6895
3177
3838
4030
3138
3289
4368
5029
3601
4536
4575
5608
3450
4794
3428
6361
6463
3071
4468
3072
4096
5774
3601
4779
6905
3266
3278
4061
6798
3077
3175
3840
5527
3308
3425
4746
6335
4271
4746
4855
3706
3948
6264
3450
3769
3944
4468
5774
6084
5433
6164
6341
3244
3526
4196
5860
3896
5003
5740
6028
6704
6876
3087
4161
5237
3622
4952
5656
6510
3087
4711
5766
6220
7144
3166
5003
5865
3796
5394
6156
3166
4413
5758
5865
3092
3513
3880
4193
3518
3874
4164
4499
4612
6242
3096
3849
4366
6256
3096
3582
3843
3849
4593
4828
3098
3153
5751
5997
3101
3720
6028
3848
6554
3514
4119
3102
3517
4638
3165
3634
7074
3104
3393
3872
5751
3688
3689
4163
3787
4214
4947
6143
3187
3189
4729
5732
3111
4258
6172
3602
6924
3187
3191
7078
6427
6457
6736
4993
6259
3311
6051
7021
3155
4226
7021
4688
6375
7037
7126
3472
5716
3118
3316
5658
3118
3571
5549
3289
4402
3403
3683
5011
4250
3505
5377
5807
6331
6785
3751
3357
3381
4794
3919
4071
6345
6556
3449
5959
6896
4345
3148
3199
4765
6132
3450
6276
4017
4160
5959
3140
4297
6300
6631
4650
5559
3142
3203
3940
3409
4165
4782
5614
3943
4103
4662
5502
5625
3139
5855
6031
3715
5034
5831
4715
5435
5662
3171
4248
6023
3143
3957
3967
3599
4735
4770
5982
7078
3170
3779
4253
4957
5167
3340
3413
3457
3564
3360
3842
4962
3330
3778
5528
3152
3358
3935
5451
3357
3680
4756
3363
3873
5536
3269
3485
3915
3963
3316
3694
3382
3259
3347
6239
3410
3821
4639
3277
3364
4065
6964
3269
3821
3939
4814
3183
6880
3189
5559
5732
6133
3301
6379
6401
3688
3689
7143
4769
5653
3169
3183
4383
3276
3369
3776
4868
4880
3374
3963
4815
3183
6661
4501
4841
4850
3531
4009
4533
3386
5514
3177
3388
4027
3814
4268
4626
6345
3396
3777
6375
4967
4969
6456
3318
3969
4344
4501
3777
3820
3286
4329
6026
4784
4994
3206
3207
4630
3191
3381
3220
3926
3382
4252
3285
3937
4950
5533
3841
4956
3296
5260
5273
5653
3243
6477
7068
3315
3549
3995
4685
3980
4913
6352
3943
5199
5487
4357
6043
4166
4226
4634
5690
4103
4735
4760
3205
3784
3833
5032
5587
5932
6202
3212
3223
6387
3369
3776
3901
3483
4173
5379
6205
3690
3986
4892
4297
4715
6283
3230
3239
5507
5772
3799
4432
5568
6478
6698
3695
3833
4504
6202
3863
4427
6661
3218
3237
3759
5621
4305
5219
7111
3811
4340
4538
5648
3953
3766
4854
5646
5083
5147
6200
7153
3236
4137
4418
3827
5204
6417
3659
5087
5573
3227
4244
6099
3300
5606
3526
4272
5717
6470
3986
4753
6283
3238
3779
4442
3722
3753
4297
3975
3242
3253
4578
3534
3679
6575
6775
3528
7042
3991
4419
6202
3546
5636
6600
4253
4403
6212
3240
6119
4403
4544
6498
5636
5960
6297
6791
3254
4042
6315
5157
5613
6865
4535
4942
3852
4182
5841
3305
6958
3249
4118
4525
3400
4943
6936
4507
5841
6135
5577
7028
3261
6201
7056
7131
3745
4283
4487
3254
3392
3966
3955
6379
4296
6074
6659
3257
5123
3392
3771
3745
3789
5193
6834
7034
3391
3656
5727
4079
7004
7085
3600
3795
6287
5035
5423
5823
6330
6514
3284
4690
5125
3505
4111
6565
7133
3686
3825
4295
4905
6087
6243
3437
4751
6809
4969
5125
6164
6273
3375
4526
6712
3606
4513
6466
3346
3410
3963
6845
6958
3629
4056
4690
3715
5507
6120
3312
4854
6356
3282
4547
6356
6374
3927
4005
6029
3289
3316
3697
5487
6823
3289
4957
5167
6031
3290
3293
3812
4045
3295
6130
3627
4192
4498
3294
3299
4474
6776
3294
4474
6643
4020
6130
3884
4045
5208
3628
4183
5647
4392
4510
5473
5568
3424
3456
6130
4049
5495
6099
4940
5801
6156
6301
6310
4916
4966
6440
3930
5852
3783
6401
6064
6315
6401
3665
4198
4285
3797
4192
6844
6910
4346
5533
6756
3571
4290
3422
4663
3496
4120
3341
5265
6936
7065
3320
5025
6126
3367
3928
6276
6282
5463
3322
4120
6126
6660
4120
4125
5306
3322
3323
3459
4140
3440
3701
4561
5001
3325
3552
4272
3326
3465
6470
3327
3951
4551
3465
3466
5075
3329
3778
5301
5391
3330
3867
5318
3333
3865
5246
5416
6907
3333
3334
3338
3541
5399
3335
3336
5038
3337
5154
6653
3337
5309
6532
3868
5331
4669
5243
3340
6126
6660
6278
6519
5158
5470
7002
4188
4804
3493
4275
3346
3839
4204
5321
3347
6239
3485
5902
5518
5636
5947
7123
3350
3717
5762
6350
3912
4464
5465
3352
4382
4463
4719
3353
3354
3768
3960
5412
3379
3960
4086
4765
4913
6452
4297
4429
6110
6165
4381
4612
3582
3799
7121
4841
5797
3394
3985
5028
3953
4530
3813
4524
5415
4638
5593
6207
4785
3410
5902
6281
4033
4912
5193
6248
4950
5382
5880
5297
6400
6753
7047
3839
4828
5584
6351
4060
4313
6556
4831
6395
3376
3406
3507
3776
6147
6222
6597
3525
3863
3382
3598
3680
6491
3379
4935
5859
6730
4382
5538
4682
4862
4946
3382
3680
4196
5577
5860
7028
3385
3411
6223
4788
5969
3840
7052
3737
4101
5074
3389
3707
3810
3405
5648
3780
4477
4734
4842
3655
5629
3472
6992
3842
3971
6716
3734
3841
4641
3758
5769
6157
6314
3399
6102
6157
7141
4943
6215
7142
3403
6215
7065
3402
3407
4258
6549
3760
4259
4871
3404
3494
3487
3683
3758
4014
4802
5969
3436
5831
5022
3740
5936
5985
4523
5067
6023
4836
6741
6995
3704
4684
6660
3736
4751
6685
3736
4751
5115
3426
4589
5685
4494
5018
6459
6481
3429
3473
4347
3547
4027
4250
4383
3787
4040
4536
3832
3884
4664
4781
6345
3459
3572
4066
3555
3746
4480
4021
4031
5142
4021
4479
5681
3975
5018
5048
5885
4880
6351
5123
6366
6807
3916
6220
7144
4710
5438
5460
6794
3484
3699
4108
6409
3437
3470
6247
3863
5580
6039
4944
3705
4066
6660
3442
3443
3501
5011
3444
3483
4088
3444
3494
4084
5116
4848
5806
6001
6347
3802
4260
3557
3700
6137
6960
3525
3599
3957
6933
5219
5922
3476
3812
5165
6497
3453
3703
4574
6437
4098
5042
5082
3455
6008
6382
6636
6021
6472
6790
3459
5208
3666
4684
4010
4064
4561
6935
5001
3466
3580
4551
6518
3561
5454
3463
3805
5024
6485
4704
5763
6490
4088
5015
5042
6437
6174
6485
4010
4064
5015
6437
3469
4108
4482
6644
4123
5015
6543
4106
5526
5646
5920
6697
4334
6996
3474
4170
4319
4224
5048
6596
5092
5093
7048
4320
6931
7051
4571
5006
6538
6545
5881
6557
6931
7099
5078
6463
6973
3481
4167
4365
6438
3512
4075
4133
3920
4084
4598
4140
5025
6441
4204
4590
3487
3497
3758
5057
4036
4434
3489
6630
6766
7011
3490
4652
7077
4180
4585
6850
4736
6855
7077
3663
4681
4899
4041
4278
6897
4434
4159
4172
4580
6681
3835
4125
4152
3500
4180
6469
4078
4685
4703
7004
3500
4585
6215
6564
3756
5117
6092
6437
6994
4083
4108
4640
5437
3617
3931
4221
6214
3823
6172
3506
6506
5870
6333
6875
3525
5297
3854
3860
5252
7112
6783
6881
6942
6991
4224
5048
5877
6786
3891
4215
4526
4167
7055
3518
4614
6755
3837
3838
6108
3850
6662
3519
3748
6207
6731
4206
5597
6025
4668
4208
4668
6755
6896
3764
4519
5264
5544
3782
3790
5264
6461
5290
6724
6737
6981
4016
6331
7014
3685
4003
6346
4000
4954
5523
6169
4055
4873
3755
4519
5012
5255
3628
3785
4033
6272
5012
7031
3553
3804
4230
5089
4012
5345
5684
5775
5383
5791
6287
5004
5381
5666
6060
3537
6977
4258
4259
4909
5132
3594
3875
4887
4062
7151
3553
3554
4629
4987
6524
6892
4373
5192
5472
6739
4004
5303
6415
3760
5518
3548
3687
6895
3554
4589
6203
4703
5145
5306
6152
6520
6582
3561
5383
5870
6292
4131
5286
5272
6814
3804
6607
4855
5490
4183
4461
4822
5088
4848
4875
5973
4075
6433
6584
4260
4950
3595
3603
6295
6360
3666
5697
6142
3566
4453
5462
3565
3704
6142
4761
6250
6879
5488
5996
3568
5884
5961
6083
4094
4474
4896
3979
4991
5130
4317
6045
6368
3879
4957
3573
5963
6620
4759
6380
6396
3575
3576
5268
7005
3577
4312
4391
3577
5169
6547
4265
5038
3633
4187
4220
7063
4216
5148
5583
6532
5723
3583
3585
5536
6229
4612
5854
3584
5179
6806
3589
6235
6870
5302
5858
6822
3587
3588
4569
7095
3589
4992
3589
4077
6858
7001
3591
4569
5771
6611
3592
5058
5812
4077
4569
6605
3594
4669
3599
5297
5603
3597
5786
6132
6204
4765
5748
5916
6491
7078
3603
3794
6964
6342
3633
4829
4662
5625
4508
4510
5850
4202
5159
6028
6091
4280
6558
3956
5716
6802
3609
4809
4832
6726
3972
5586
6115
3611
3613
3620
5348
3615
3621
3773
3888
5033
3615
5392
5498
3871
6818
6961
6914
4524
5415
5511
7122
5670
6054
3809
5415
5875
7119
4634
5045
5690
3621
5200
5292
6900
4949
6427
6949
5203
5206
6943
3629
5263
6840
3627
4942
5263
5860
3627
5554
6890
6840
4912
6364
4275
4947
5269
6354
7033
5200
5737
6350
6915
3633
4220
5448
5863
6924
4638
5236
6207
4162
5216
7033
7083
3637
3638
4853
3639
4485
6339
3639
4645
5895
4486
5227
3641
3913
5293
6996
3733
4193
5895
3933
4485
4486
7104
3644
3645
3651
3825
3655
5676
6223
3646
3653
3654
3655
3648
3657
4460
5638
3649
3656
3990
3650
5676
6313
4460
6311
3686
4817
5531
4501
4820
5815
3654
3977
4817
3728
3743
3656
3657
3941
6071
4018
5497
5992
6460
5544
3661
4002
4964
6190
5797
5943
6190
3663
3667
3669
6059
3668
5545
3746
4710
5490
4198
4711
5825
6408
3668
4714
4921
5234
5289
4899
6574
6782
3703
3881
4574
4775
4877
5385
5790
5978
4328
4424
4789
5556
3801
5875
7149
7150
3790
4838
6389
4339
5212
6775
3724
4014
4117
4802
4806
5019
6110
6321
3981
4138
6458
6287
6329
4729
3697
6009
6168
6758
3684
4381
6027
6758
3962
4604
4499
6122
6168
3949
3957
3696
4522
3804
4991
4179
6731
3720
5174
3753
4411
5019
5021
5449
5451
3948
3767
3894
4382
5859
4903
3741
4291
4428
4814
5027
5776
4650
5602
6405
6592
6774
4083
4700
6201
4086
4287
6536
4092
4152
4086
5164
6137
6580
5059
6390
3705
5337
4309
4933
4844
5447
5469
6310
6376
6525
3709
4388
5627
6980
6291
7040
7091
4852
5270
6291
7045
3712
3714
4692
7019
3713
6856
3714
5493
5439
6146
6170
3717
4726
5762
6911
4657
5421
4227
5127
4666
5428
6678
7128
5159
5751
3722
3894
5926
6300
4454
5859
3820
4431
5803
3749
4898
6103
3947
6187
6617
3727
3968
3988
5936
3890
3905
4578
5705
5789
6071
3730
4493
6188
4288
4460
4350
4491
5993
6829
4138
7148
3913
4486
4608
7134
7145
4032
6550
6853
4076
4493
4817
4889
6188
3768
3938
5194
5762
3905
5796
6503
4504
5601
5901
3772
4290
6328
4467
4941
5789
3776
6147
6387
5520
6107
5578
6568
4431
5761
3873
5733
6227
3907
4516
4522
4774
4832
5776
6756
5357
5865
6133
4454
6110
4497
5286
5659
4867
5817
7031
3758
6157
6215
5647
6364
6791
3760
4244
4709
3761
5518
5765
5610
5955
6200
6330
4023
5358
5770
6629
3782
4362
6431
3904
4432
5021
4184
6601
7151
4463
4464
4757
4080
5498
4591
4844
5992
3924
4817
4889
5027
3970
5629
4946
5267
6095
4732
4892
5352
4087
4399
4758
3987
4058
5482
4941
5803
5402
5468
5586
6120
4764
5702
6394
3962
4604
5008
3974
4355
4922
6064
6971
3826
5587
4009
4183
4533
3914
3988
4057
6124
4468
4872
4586
5235
5277
6886
5530
5794
6248
5582
3980
5826
6284
4275
4536
4575
4947
3944
4551
5099
6518
3795
3829
5212
3927
5791
5968
6156
4602
6840
3800
6259
6549
3843
5692
3801
5521
6450
6489
4643
6616
6852
5130
4537
5060
4592
4918
5420
6019
4408
4732
4892
5063
5877
7088
3813
4239
5322
6741
5899
6305
6600
6643
6921
5899
6526
4693
6035
5317
6139
6864
7111
3830
5030
5075
6695
5026
5073
6278
6891
3837
4119
4986
6034
5727
3963
4158
5042
5215
6543
4357
4268
4590
4403
4455
5879
4672
6060
6635
4401
5656
6040
6589
4005
6964
4239
5875
6231
6615
4700
3908
4374
3835
5158
5704
6572
4548
5120
5120
5265
5632
6609
6383
3994
4044
3959
4233
6169
4543
4972
3898
5285
3973
4630
4485
5680
6528
3846
4956
4990
4936
6082
6168
4633
5266
6552
7126
4350
6722
7108
6038
6242
4008
4679
6883
4316
6272
6364
5628
6140
6791
5010
5017
5108
6829
3996
5341
5747
3857
5139
6667
6771
5513
5800
4618
5296
7102
4205
6616
6981
5091
5416
6482
7108
6783
6881
5341
6783
6796
6991
4225
4667
6633
4856
4176
6116
3867
4676
4727
5050
4663
5309
5478
7069
5146
5583
6547
7039
4622
4705
5294
5478
4594
5416
5967
3873
4334
5733
6229
3877
3880
6227
4669
5362
3902
6550
4716
5247
3881
4775
5290
6312
4289
4682
5549
5293
5733
6370
6724
3896
5267
6095
4477
7020
4981
4734
4838
5891
6394
4737
5401
4729
4756
5361
5919
5547
5887
3890
3897
5450
5951
3966
3968
3947
3893
5419
5775
5312
6141
4757
5777
5656
6040
6820
6949
5260
5653
4769
5461
3965
4653
5816
4718
5242
6715
6820
6086
6232
3903
3959
5311
5596
5933
6080
3917
4845
6222
4374
4504
6243
5951
6827
5013
5732
5796
5919
4337
5761
5964
3984
4292
5032
3917
3936
3959
5287
4073
4767
4833
4918
3961
4833
4923
6720
5033
5547
5762
3933
4042
4263
4825
3918
4502
4815
3946
3989
4304
5172
3936
5172
5908
4060
4626
4653
4687
5571
3938
3960
4935
5430
6139
6152
6582
6960
4780
3977
5029
5855
4083
4384
6218
6420
6238
6281
4009
5904
6090
6347
6672
4247
4532
6228
4846
5324
5734
6528
5128
4850
5692
6251
4204
4558
3977
4467
5029
4416
5422
3967
3983
5943
4117
4431
5727
4745
5932
6300
6631
6503
6827
3951
4214
4329
4001
4989
4254
4963
4015
5835
3987
6080
6853
5030
6952
5324
5409
6072
4639
4369
5529
3966
4825
4940
5151
5198
6623
3983
5701
5797
5943
4293
5343
4877
5678
6055
4227
5769
4455
5488
5642
5824
3971
4072
5896
5629
4002
5835
4057
6243
5866
6694
4069
4375
4502
4815
5903
6038
6106
6743
4217
4483
5582
4388
5864
7003
4934
5035
6337
6678
4962
5807
6045
5674
5986
6594
5449
4555
4905
6634
4765
5748
4372
5359
6134
4034
6619
4001
4198
4285
4331
5712
6313
4432
4504
4797
4403
4113
4274
4987
6814
6010
4704
6278
6490
5205
7094
4000
4929
5897
6034
4575
5941
6905
4830
5939
6107
4545
6770
4948
4770
4535
6801
4960
6037
4986
5380
5441
5975
4081
4470
7105
4584
7094
4822
6390
6790
4990
5845
6082
6160
5853
6414
4572
5055
4097
5918
4076
6913
5358
5396
4022
4961
4031
4987
5738
6144
4041
5035
5966
4565
5989
6286
6875
4038
4051
7062
6193
6571
6702
4030
4506
7130
4051
4909
5397
7098
6895
4479
4629
4058
4070
4102
4533
4847
6061
6240
4037
6728
6902
4038
4197
4197
5129
4110
4157
4515
5964
4872
4953
6046
6111
6064
6619
5608
5882
5923
4610
6108
6668
4264
6497
4047
4165
6093
6105
4050
4939
4050
4337
6093
6548
4327
5495
6509
4568
6189
4879
4920
4930
4838
5666
6060
5441
5444
5801
4056
4061
4953
4278
6657
4825
4699
6853
4071
4782
4931
5077
6851
5914
6273
4671
5681
6349
6815
7051
6409
6994
6845
4113
4307
4458
5429
6159
6310
5850
5974
6716
6897
4439
6326
6782
4072
4124
6047
4439
4923
5814
4152
5120
6769
6935
4446
5041
6331
4512
5179
4079
6809
6848
4141
4570
5412
6652
6914
5105
5965
5994
6778
7089
7131
5079
6583
4144
4264
4997
6644
5916
4173
5437
4554
5649
6572
4091
4092
5072
5963
4093
4095
4093
5393
6727
6769
5141
6386
6689
6396
6535
4109
6213
4878
4905
4158
5778
5987
6308
7090
4101
4573
5074
6628
4356
5007
6248
4105
4107
6801
5071
6628
4107
5071
6399
5526
6442
5015
4178
5073
6695
4604
6433
6903
6875
5134
5745
6075
6494
6130
5223
6569
7013
4277
4966
6682
4491
5119
6003
6397
4742
4898
4266
5841
6140
6159
5847
4853
4980
6339
7003
4901
5037
5243
5839
6636
6790
6844
5704
6441
4130
5116
5259
5938
4130
5259
6480
7014
4129
4132
5053
6721
4315
4321
5103
6553
4564
5136
4315
4603
6602
6003
6482
7108
4562
5145
5743
6490
4136
4339
5795
6761
5952
6121
6352
4970
5587
6387
5602
4537
5061
6752
6809
4981
5208
4171
6785
4143
4145
5747
6496
4824
6744
6787
4320
4384
6497
5008
6811
4147
4976
5436
6444
4959
4983
6293
4958
4976
4983
5052
4203
4588
5008
6707
4151
4570
4652
6954
4995
6502
7064
4561
4154
4156
6638
4155
6665
4156
4173
5114
4212
5112
4513
4932
6612
6962
5057
6314
6584
5806
6152
6629
4713
4187
4623
6839
4645
5895
6593
4591
4844
6256
6355
5295
5382
6465
4687
4744
5230
6843
5556
5834
7020
4338
6795
5259
7131
4579
4582
6838
4174
5042
5082
5215
6552
4191
4677
6615
4212
4640
6638
6708
6474
6891
4190
4613
6919
4736
6718
5252
5464
6881
6927
4487
5520
5563
4391
5205
5341
5466
5945
4205
5127
6112
6817
4597
4189
5096
4606
5464
6094
4614
6755
6847
4827
4874
4607
6593
6859
4195
4213
5140
6797
5138
5181
6806
4894
5057
6220
4233
4545
5321
6234
4300
4860
6885
4643
5070
6117
6077
6998
7050
5070
5769
6314
5665
5121
5290
4207
5149
6048
5196
6372
7074
4213
6847
7132
5174
5185
5196
7143
5983
6294
6373
5139
5181
6598
6816
5437
6480
4837
5099
6952
5225
5257
6285
4665
5047
5162
5765
6139
5186
6997
7023
7034
4648
7082
4532
4979
4268
5144
5226
7027
5063
6795
5246
5838
6508
6125
6422
4779
5669
5697
6213
4230
4761
4910
6814
4752
5130
6742
6918
4287
4696
4967
5433
4354
6410
4547
4687
4846
4868
6862
5256
5296
6854
6860
5447
5497
5902
5992
4241
4677
4865
5220
4385
5220
6231
6963
4673
5266
7126
4518
6510
4471
6710
6750
4340
4865
5220
6163
4592
4999
6055
4335
5067
4519
4911
5007
5544
4383
4436
4542
4734
6147
6617
5026
6302
6573
4291
4295
5907
6634
4970
5476
5587
5879
6206
4394
6589
4262
4475
5207
5517
4918
5634
5886
4302
4922
6124
4482
5961
6601
7003
5178
6526
6716
5184
5822
4273
4908
6303
6607
6177
7089
5286
6346
4907
4987
6363
4308
4907
4910
4278
6445
6682
7129
6144
6689
7129
6195
5387
5670
5687
4985
5155
6144
4658
5745
6020
6578
5421
5465
5741
5760
5640
5652
5702
5759
5784
5211
5933
6252
6582
5705
6071
4290
4946
5756
6051
4292
6110
4429
6634
5311
5539
6217
4534
5906
6197
6347
5585
5601
4539
6101
4341
4466
4669
4860
4901
4325
5493
5083
5702
5823
6200
6079
6270
4676
4972
6367
7145
4439
5446
5242
5474
5549
5756
4308
4309
6620
4310
6468
4310
6768
6879
4988
6258
6301
6376
6649
6653
7043
5407
7036
5719
6304
6744
6750
5058
6570
5087
5889
7123
4338
5436
4319
5262
6595
7054
5282
6416
6434
6721
6872
6951
4323
5281
5736
4324
5475
5036
5284
6917
5534
5633
4328
5031
5872
4355
4362
5819
5199
5509
4332
4336
4802
6388
4332
4788
5240
5809
4798
4897
5581
5137
5293
6093
6351
4788
5969
6325
4790
7054
6041
6275
4385
4812
4347
4445
6610
4344
5463
5711
5820
5601
5815
4346
5832
4435
4349
4450
6024
4379
5742
6003
6989
4550
5707
6219
4353
4556
5913
5297
5909
4366
6234
6868
4811
6467
4519
5012
6431
4498
4535
5209
4991
6010
6167
6895
5735
5256
5536
5593
6806
6208
4779
5089
5697
6571
4367
4491
4858
5993
4706
5119
6003
4541
4828
4559
5600
5696
4370
4378
4402
4371
4380
5029
4888
4951
5873
5019
6321
4849
5376
4905
5748
5786
6657
4449
4521
5976
4883
5984
6097
4379
4400
5034
5660
4450
4888
4889
4499
4794
5406
4868
4640
6658
5899
5995
5981
6317
6901
7053
7076
7096
7139
5150
5280
4390
4488
5183
5439
4490
5534
4396
7043
5254
7010
5202
7035
7080
7139
4401
5765
6977
5191
5210
5225
5270
5161
5268
5557
5801
5840
6369
5353
5440
6926
5509
6880
4402
5291
5486
6864
5929
4714
5298
5819
5872
4691
4924
5876
5911
4438
5431
5833
6135
4408
4935
6730
4411
4521
4540
5754
4846
5542
5734
5781
4412
5667
4443
4454
6730
4994
5357
5461
4583
4632
5138
6481
5045
5244
6148
4732
4935
5033
4418
4945
5708
5730
4420
5755
4420
4768
4796
4849
6253
4423
4426
5956
6024
4556
5913
5956
5507
5913
6170
4425
4776
5834
4542
5754
5772
5924
4856
4443
4454
5926
4520
4777
4459
5463
5820
5836
6779
4815
5172
5673
6222
4736
4581
5426
5885
5912
6012
4945
5311
6007
6086
6208
5075
5934
5654
5657
6389
6865
5332
5586
5805
4444
6262
4717
5901
6763
4581
4603
4635
4667
6871
7055
5234
5289
5615
5878
4803
5298
5878
4450
6176
4453
4544
5488
6119
4453
4799
4801
5910
5849
4544
5032
4883
6114
6221
6637
4883
5639
5910
6392
5949
6525
4964
6451
5212
6011
4481
4494
4583
5392
5498
5434
6350
4852
6291
6322
6323
6661
4950
4951
4694
6308
7068
5368
5780
5965
6724
6974
5867
5961
5588
5788
5978
4627
5912
4866
5784
4970
6147
6212
6670
6643
6857
5578
6335
4616
5016
5098
5208
5944
6431
6105
6844
5552
7057
6873
4490
4851
4861
5972
6322
6563
5633
6322
4859
6697
6740
6226
6311
4496
5012
5944
5016
5018
6443
5799
5957
4607
4942
4888
5705
6188
5729
6726
5738
6224
6271
6363
5004
5609
5823
6828
6524
6618
6688
4847
6240
5157
5381
6022
6418
4511
5493
4581
4632
6015
4515
5584
5291
6753
7029
7047
4516
5584
6103
4667
6683
5339
5032
5824
6631
4816
6176
5664
6726
4688
5614
6260
5109
6209
4538
4865
5833
4963
6995
6095
4944
6973
5854
7121
4831
5852
4839
5770
6001
6759
6195
5024
6402
5628
6140
5911
6074
6255
4749
5753
5805
4834
5962
6038
5834
5912
6429
4555
4546
6410
4691
4929
7138
5230
4549
5101
6219
4550
6081
6640
5136
4553
4554
5410
6640
5201
6412
4878
5910
5849
6119
6017
6429
5937
6230
6279
4571
5993
6863
5081
5117
6932
6978
6441
5060
6559
6614
5197
5308
6544
5799
6013
5358
5396
5408
4808
6353
6404
5256
6704
6860
6899
4965
6482
6501
5051
5455
7077
5696
6651
4601
5064
5118
7099
6092
4743
5113
6684
6719
5526
6619
6827
5057
6469
6944
4582
5166
6664
6605
6932
4616
6625
5135
7055
6586
6766
5325
6244
6906
4599
5883
6957
7127
5039
5135
6584
4629
4868
5650
5665
6276
6282
5207
5854
6281
5631
6180
6818
5250
5258
5337
4601
4605
5187
4622
4869
5682
5011
5494
5746
5049
5877
6786
6504
6546
6824
5722
7142
5941
6910
6610
6792
5746
5846
6817
5942
6554
4617
6067
6859
7057
5675
5960
6136
5046
6523
6676
6887
6899
6241
4614
6593
6963
5722
5767
6487
6936
4635
6483
5209
5881
6236
5569
6771
6894
4649
5153
5283
7034
5316
5720
5792
6939
4631
4636
5037
5314
7000
7063
4660
5682
5792
5176
5294
5839
7000
4651
5176
7000
5285
4866
6012
6344
4642
5334
7059
6862
4828
5192
5350
7069
7135
4635
6804
4634
5295
6552
6692
5283
5839
7135
5720
5792
6839
5569
6644
5504
7082
6805
5040
5981
6655
6792
5171
6803
4980
5646
6697
7035
6246
6312
6475
5448
6839
7059
5184
5013
6503
5310
6319
4995
6959
5285
6918
4655
5158
5704
6723
5009
6201
6409
6961
5388
6915
7109
5597
5740
6860
5448
5728
6354
6562
6976
6993
7083
5176
5694
6319
7120
5953
6933
4674
4674
4675
4811
6280
4702
6303
6607
6613
4837
6227
4675
5304
5342
5342
5399
7024
5004
6828
6187
7037
5318
5300
6693
6178
5170
7007
5110
5848
5289
5551
4957
7029
4977
5245
5310
5258
5847
4700
4766
5312
5642
6141
5407
4766
5345
5432
6212
5786
6234
6868
5227
6588
6656
5144
4926
4949
5378
5550
6267
6778
6191
6204
6456
5707
5767
6219
6318
5372
5428
5715
6002
5025
4726
4728
5421
5471
4731
6203
7128
6517
6723
5934
5301
5504
7070
5945
6465
6989
4720
5496
5598
5448
6651
6863
4812
4871
6510
5384
5827
5237
6568
5452
5735
5933
6725
5237
5825
5793
5802
5405
5713
6227
6235
6870
5459
5861
5474
6078
5406
5496
4722
5546
5777
4731
5372
5715
6369
4757
5555
5598
4728
5388
5421
5485
5388
4796
5581
5844
5400
5560
5360
7145
7149
4730
4784
5401
6076
6674
5359
5589
5734
6012
5625
7006
6435
5560
5003
5865
5982
6491
5417
5482
5541
6002
5670
6214
5638
5809
4978
5373
7012
5548
5920
7049
5512
5532
5535
5615
6177
5495
5804
6232
5386
5737
5760
6042
4832
5586
5776
4754
4763
5524
6762
4761
5697
6250
5524
5887
5623
5718
5400
5547
5887
6760
6027
6251
5340
6116
6823
5683
6393
6776
5710
5943
6274
5669
5453
5670
5749
6979
5481
5525
6283
4842
5366
6979
5684
5879
5482
6336
5844
6044
6253
5274
5450
4793
7006
5349
5352
5887
4776
6391
4810
5453
6194
6394
4890
6226
5069
5480
5616
5749
5594
5695
5709
5116
5259
5437
7131
6185
6023
6556
7036
6556
5499
5657
6735
5701
6698
4813
5376
5752
5558
5565
5813
6127
5031
5387
5616
5067
4818
4886
6106
6778
5603
5984
5559
5658
5798
5376
5752
4886
5726
5861
5459
5726
5639
5849
5661
6516
7100
4807
5709
4916
5872
6052
5635
6622
5544
5561
5721
5907
6398
5462
5594
6113
7140
5655
6115
4823
4891
5381
6735
4926
7147
4818
6743
6120
6146
5027
5776
5976
5726
4970
5195
5708
5724
4886
5861
5105
5384
5827
6011
6347
5157
5613
6750
6781
6974
6270
5642
6141
6486
5509
6880
7136
6354
4882
5640
5988
5575
6740
5753
5417
6019
4835
5876
6868
5921
5962
6739
4954
5131
6230
6797
5986
6594
4841
5361
6251
5834
7020
5147
5366
5195
6007
5867
6436
5947
6297
6118
5021
6779
4982
5552
5627
4861
6569
7035
7139
5994
4862
6933
4858
4859
6088
5600
4914
5017
5633
6541
6327
6965
5953
7029
5006
5915
6304
6304
6334
6675
6732
5783
5408
6216
6555
7000
7135
5299
5330
5674
4926
4952
5998
4960
5748
6657
6026
5795
6098
6536
5675
6452
6773
5620
5793
6498
4917
4956
6495
6951
4922
6061
6971
4961
5882
6193
6702
4960
6037
6359
6779
5046
5976
5664
6311
5453
5890
5664
5729
6726
5659
6346
5803
6148
6260
6375
4985
5155
5884
5643
6262
6263
5761
6326
5000
5093
6416
6434
6327
6541
4975
5881
6447
6455
4974
7021
4908
4910
6337
5871
6043
4908
6468
5066
6879
5904
6216
6873
6536
6542
6088
6397
6684
5600
6158
6334
6258
6388
4972
6073
6181
5645
4920
6101
6181
6255
4928
4923
5793
5814
6079
6782
4929
6074
5178
5383
5686
7038
5995
5641
5721
6321
4930
6016
6182
4990
5874
6067
6324
5930
6351
6548
5393
6069
6768
5014
5124
5966
4956
6009
5867
6064
6436
4991
6167
6702
6105
6173
6447
6233
6270
6324
5127
5722
6315
5755
6065
6988
5825
6072
4952
5789
5928
6589
6153
6195
5365
6225
5640
5988
6420
5056
5271
6521
6362
6368
6405
6046
6096
6373
6849
6151
4978
5044
5397
6258
6384
6341
6582
5811
6288
6179
5380
5893
6225
6770
5905
5005
5414
6004
5078
5128
6560
5092
5800
6173
5842
6500
5248
6319
5017
6684
5610
5890
6054
6192
6601
5025
6126
6339
6448
6713
5884
6113
6406
5681
6815
5319
6159
6445
6682
6950
5542
6134
6703
5484
6014
6037
6183
6186
5758
6162
6677
5568
6463
6533
6307
6353
6404
5207
5978
6214
5002
6706
5963
6790
6307
6353
6573
6514
5968
6325
5696
5869
6272
5039
5188
5265
6994
5044
5054
7030
5251
5559
6758
6171
6492
7097
5097
5108
5213
5925
6076
6224
6363
5899
6549
5843
6056
6275
6247
6146
5774
6199
5385
5859
5660
6753
6673
6754
6874
5309
6808
6484
6433
6496
6299
6423
7092
5838
6189
6482
6236
6355
6447
5091
5168
6659
5518
6137
6960
5213
5221
5883
6858
5303
6415
6693
6717
7095
7127
5053
6721
6749
5271
6878
7015
5364
5467
5767
6154
6714
6605
6951
6008
6370
6472
5061
6983
6848
7064
5118
6658
6913
5217
6540
6780
7142
5070
5085
5133
7025
6403
6671
7026
6093
5180
6627
6944
6312
6332
6893
6945
5115
6620
6768
6213
6585
6039
5763
6586
6784
6067
6355
6844
6719
7062
5082
5379
5644
6780
5652
5115
6399
6762
5086
5187
6249
5606
5647
6297
6522
6866
5949
6196
5967
6722
6349
7051
6455
6348
6566
7060
6714
6793
7060
7017
5098
5284
6453
6941
6642
6745
6592
6837
5970
6318
6789
6358
6487
6609
6788
5104
6583
6648
5112
5114
7115
6261
6751
6854
7053
5121
6358
6487
5373
5377
5111
6707
6883
6679
6777
6480
5703
6432
6205
6564
6800
6557
5173
5869
6788
6817
6402
6579
5128
6533
5990
6492
6204
6456
6439
6521
6655
6102
6973
6604
6627
6944
6337
5516
5523
5665
5218
6435
6700
5166
6249
6664
5190
6058
6899
6871
6883
5723
6013
5302
7125
5140
6598
6577
7146
6764
6747
6776
6948
5738
6211
7129
5295
5382
5201
6559
5148
6639
5170
5329
5331
5182
5224
6861
7009
7096
7101
5997
6738
6802
5203
5235
6869
6943
5363
7023
5316
5399
6939
6689
6900
6999
7109
6477
5265
5174
6908
5858
6746
6822
7041
7058
5226
6580
6977
5197
5900
6544
6574
5675
6136
6452
5513
6931
6314
6978
5397
7015
7086
5764
7066
7075
7153
5174
5185
7035
6438
6729
6744
6821
6894
6904
7044
6652
6900
6914
7103
6462
6804
6469
6718
6934
5593
7132
6830
6904
6922
5505
7104
6266
6697
6834
7017
5846
7141
7056
7065
5506
6649
6653
6993
6887
6901
5280
7040
5962
6743
6652
6911
6320
6670
5920
6091
5779
6059
5751
6626
5374
6999
5306
5410
5268
7073
7075
6997
7137
5339
6820
6465
6835
5269
6947
6968
7099
5238
5280
5583
6177
6522
5232
5661
6057
6063
6077
6665
5728
6839
6795
6841
6426
6671
5317
6925
7087
5224
7046
7072
5225
5270
6036
6680
5333
6043
5229
6803
5258
5847
6640
5442
5927
7057
6371
6734
5233
5456
5605
6459
6925
7100
5305
6635
5298
5350
6967
6771
7114
7146
5368
5864
6484
7045
5278
5305
6309
6313
6020
6036
6063
7152
6514
5294
5309
5382
5880
5320
5391
6050
5293
7125
5391
5468
5620
5678
5900
6081
6982
5307
5757
6092
7094
5317
5339
6864
5974
7120
5278
5305
5456
6676
5314
6244
7013
5946
5508
6913
7014
5282
5553
6047
5305
5561
6765
5946
6005
6898
6889
6926
7040
6439
6647
6862
6866
5274
5999
5653
7010
7044
7120
6249
6780
6978
7141
5325
5329
6022
6427
6477
6949
7101
5284
5356
6453
5356
6824
5363
6166
5799
5539
6279
6530
5446
5549
5374
5398
5402
5569
5593
6269
5304
5318
5504
5318
5320
5484
6229
5423
5334
5399
5704
5480
5808
6990
7063
5432
5888
6050
6239
5355
6808
5328
5409
6080
5334
5478
5959
5322
5365
7070
5447
5523
5370
6310
5344
5394
5637
5351
6285
5346
5713
5718
5741
5565
5684
5775
6141
5596
5689
6285
6886
5417
5418
5940
5425
5506
5432
5739
6115
5871
6139
7027
5504
5412
5457
6528
6996
6069
5371
5703
6205
5656
5435
6006
6300
6920
5430
5457
5365
5380
6225
5419
6123
5405
5623
5931
5360
6690
6995
7134
5398
5598
5668
6049
5425
6886
5359
5734
6134
5630
6986
7116
5367
5427
5363
6965
7013
5736
6546
5491
5732
6216
5511
5868
5473
6912
5413
5649
5370
6054
6200
5409
5618
5389
5735
6741
5379
6701
6076
6878
5395
5475
5553
6566
6209
6773
5452
6551
5390
6715
5454
6794
5387
5590
5404
5622
5773
5485
5427
6072
5394
5441
5496
5598
6982
5404
5737
6138
5605
6896
7026
5555
5668
5828
5560
5694
5460
6794
5604
5525
5662
5515
5777
6597
7037
5817
5989
5688
5847
5926
5932
6044
6202
5707
5637
5937
7149
5838
5522
5420
5595
6019
5432
5671
5572
5430
6046
5429
5444
6159
6976
7069
6605
7130
6303
5445
6018
5503
5574
6956
5916
6204
5435
5465
5737
6138
6368
5965
5534
6825
6889
6942
7116
6066
6289
7019
7022
7024
5445
5801
6369
5814
5527
5835
5629
6491
5458
5935
6979
5698
6420
6539
6785
6954
5817
6262
5490
5617
5491
5500
6835
7094
5713
6000
6835
6991
5470
5649
6784
5694
5810
6234
6256
6703
5767
6572
5592
5741
5570
6118
5850
5974
6673
5535
5576
5724
5479
5492
5525
5682
5481
5594
6092
6893
5695
5589
5942
6000
6554
6989
6235
7125
5567
6078
6977
6503
6413
5492
5510
5996
5796
5951
5500
5757
5856
6551
6956
5528
6109
6350
6280
6389
5594
5996
5570
6739
7138
5946
6065
5573
6208
6289
7057
6639
6976
6480
6708
6026
5672
6486
7133
5519
5714
6006
6921
5516
5527
5528
5538
5643
5529
5634
5555
5564
5563
6135
6183
6306
6415
6002
6269
5527
6760
5623
6174
5529
6109
5563
5573
6085
5664
5676
6311
5565
5576
5714
6460
5932
6100
5997
5683
5738
6747
6776
5651
5893
5604
5622
5662
6070
5589
5940
6336
5693
5944
6344
6059
5564
6316
5713
5557
5571
7041
5615
6177
6980
7104
5736
5717
6470
6952
6006
5773
5808
5646
5706
6070
5668
6635
6404
6812
6815
5574
6100
5612
5610
5768
6330
5760
6042
6366
5597
6217
5599
5645
5574
5619
7061
5684
5853
5659
5957
5766
5643
5651
6262
5831
6031
7029
5752
5693
6484
6558
5820
5907
6451
5590
5781
5978
5679
5967
6961
5718
5828
5674
5986
6725
6922
5781
5940
6243
6368
6495
5909
5706
6138
6635
5619
5621
5730
5818
6100
6193
6342
5666
5702
5862
6594
5717
5799
5957
6745
5672
6486
6631
5654
5687
5994
6778
5827
6568
5628
6956
5773
5779
5628
5889
5663
5669
6647
6814
5691
5886
6052
6291
6049
7086
7098
6893
6935
6994
5972
5691
6683
5889
6279
5712
5909
5698
5695
6637
5782
6551
6710
6336
6258
6376
6813
5902
6109
6730
6194
5739
5753
6257
5880
5929
5742
6400
6504
6596
5672
5760
5931
6230
6394
5711
6763
6519
5903
6115
6070
5903
6123
6365
5784
6720
7007
6691
6990
6980
7009
6643
7069
6271
6203
6211
6376
5870
6506
5749
5743
6471
6725
5798
7144
6106
6779
6012
5974
6165
6334
6971
7103
5789
5803
5836
6131
5893
6217
6770
5868
6162
6088
6188
5813
5818
6007
6114
6637
6190
7006
5925
5809
5813
6018
7128
5860
6760
5851
6675
6729
7059
6221
6817
5818
5894
5843
6121
6132
6352
5752
6986
7033
5787
6253
5759
5783
5784
6731
5825
5805
5888
6020
6025
5931
5829
6170
6891
5937
6127
6223
6365
6831
6860
5856
6903
6748
6920
6391
5852
6176
6118
6051
6737
5862
6474
6485
7076
7093
7096
6864
6568
5890
6715
6125
5837
6197
5812
6014
5805
6277
6695
6263
6008
6645
5802
5808
7105
6336
5888
6413
5857
5851
6551
6705
6710
5896
5908
6365
5790
5886
6052
5793
5872
6420
6522
6930
6208
6431
5952
6338
5985
5868
5881
6931
5830
6059
6053
6149
7090
5947
6175
6329
6575
5830
6073
6492
6462
6650
5886
5901
6763
5843
5896
6132
5830
6398
5900
6239
6884
5996
6486
6275
6742
5965
6760
5913
6400
6753
6232
6956
5918
6071
5989
6104
6180
6245
5977
6674
7103
6610
6721
6316
5874
6666
6112
5856
6750
5894
6238
6146
6781
5950
6014
6462
5901
6290
6699
6233
6366
6619
5915
5945
6341
5928
5929
6182
6030
5921
6343
6925
6335
6212
5928
6096
7095
6404
6015
6786
6791
6194
6389
5979
6252
6520
6320
6992
6068
6074
6383
6051
6328
6807
6175
6272
6017
6181
6429
6759
6761
6221
5937
6392
6114
6016
6343
5998
6198
6798
6744
6787
5930
6173
6349
6087
5991
6734
6111
6195
6296
5956
6277
6398
6263
6066
6859
6940
6131
6268
6509
6530
6240
6426
6553
6785
6061
6240
6145
6988
6465
6835
6538
5999
6960
6106
6561
6666
6018
7128
6344
6488
6536
6065
6295
6266
6340
6884
7153
6608
5980
6354
6554
6889
6152
6305
6600
6743
6396
6548
6096
6111
7086
5971
6741
6081
6654
6062
6464
6541
6833
6098
6136
6297
6034
6770
6226
6445
6950
6338
6488
6000
6562
7116
6439
6602
5990
6392
6228
6053
6257
6029
6096
6027
6758
6282
6699
6549
6704
6143
6005
6538
6338
6629
6127
6325
6694
6138
6196
6668
6041
6745
6481
6858
6255
6703
6055
6075
6393
6396
6576
6417
6820
6597
6170
6176
6028
6048
6823
6663
6079
6615
7150
6033
6058
6876
6057
6998
6048
6089
6172
6666
6218
6946
6078
6761
6915
6580
6100
6316
6892
6897
6068
6324
6091
6128
6979
6228
6742
6918
6058
6075
6418
6124
6156
6301
6075
6975
6236
6982
6367
6303
6089
7058
6122
6386
6406
6636
6150
6474
6248
6873
6451
6158
6091
7049
6197
6216
6555
6927
6968
6151
6221
6542
6775
6457
6736
6288
6112
6125
6440
6197
6555
6355
6135
6659
6359
6117
6962
6634
6125
6616
6277
6161
6160
6561
6414
6670
6309
6735
6581
6148
6137
6305
6250
6642
6798
6384
6199
6890
6163
6732
6485
6518
6451
6210
6499
6590
6713
6171
6183
6186
6978
6675
6701
6242
6666
6191
6488
6274
7147
6179
7042
6283
6321
6245
6266
6833
6294
6373
6306
6206
7123
6880
6341
6728
6902
6288
6343
6259
6367
6489
7150
6647
6866
6905
6359
6849
6902
6252
6656
6740
6391
6678
6273
6905
7004
6525
6583
7132
6506
7038
6296
6445
6674
6408
6410
6572
6335
6670
6230
6674
6279
7007
6235
6732
6299
6751
7092
6241
6276
6256
6285
6886
6340
6541
6265
6358
6809
6663
6488
6425
6608
6798
6772
6735
6317
6676
6692
6316
6703
6772
6381
6769
6788
7089
6349
6612
6380
7042
6352
6413
6585
6282
6286
6329
6333
6292
6825
6826
6829
6333
6360
6419
6430
6713
6668
7047
6359
6377
6421
6499
6713
6483
6941
6950
6526
6489
7097
6434
6812
7147
6365
6358
6379
6602
6887
7008
6414
6464
6550
6808
7045
6694
6333
6512
6390
6935
6607
6759
6656
6885
7044
6571
7016
6419
6590
7154
6395
6380
6424
6620
6430
6837
6424
6873
7097
6476
6372
6861
6734
6395
6385
6430
6923
6972
7053
6533
6727
6789
6393
6948
6659
6558
6407
6421
6948
6464
6472
7061
6501
6729
6449
6752
6719
6938
7012
6428
6837
6645
6428
6837
6441
7138
6500
6521
6655
6754
6813
6877
6450
6557
6658
6418
6446
6444
6448
6616
6810
6621
6655
6468
6642
6745
6539
6855
7068
6448
6534
6772
6583
6648
6719
6438
7048
6515
6855
6971
7103
6496
6558
6801
7016
6454
6504
6595
7054
6457
6461
6749
6579
7149
6542
6454
6546
6557
6467
7087
6467
6867
6612
6815
6800
6530
6576
6499
6590
6695
6476
6535
6576
6560
6507
6841
7124
6692
6751
6532
7008
6891
6515
6627
6646
6700
6901
6972
6606
7148
6610
6874
6684
7062
6527
6752
6507
6531
7122
6709
6604
6728
6548
6736
6523
6570
6887
6553
7014
6567
6591
7100
6715
6687
6718
6529
6591
6559
6848
7011
6585
6629
6714
6775
7071
7018
7148
7038
6685
7081
6540
6596
6725
6892
6937
6808
6973
6749
6774
6576
6540
6591
6989
6855
7106
6575
6962
7140
6562
6651
6955
7066
6641
7031
6877
6807
7021
6663
6986
6833
6912
6586
6595
6673
6925
6965
6624
6773
6625
6667
6928
6987
7152
7081
6871
6846
6662
6681
6777
6883
6740
7060
6940
6874
6824
7036
6625
6623
6669
6738
6792
6633
6838
6944
6633
6872
6951
6966
6893
6936
6966
7018
6681
6711
6838
6877
6983
6892
6937
6754
6917
6626
6650
7071
6908
6953
6723
7002
7085
6667
6751
7102
6645
6706
7154
6955
6671
6938
7154
6962
6687
6819
6938
7005
6867
7113
6727
6982
6897
6708
6711
7079
7140
6998
7050
6919
7032
7110
6793
6705
6804
6983
7011
7064
6945
7025
6830
7152
6871
7055
6762
6688
6733
6937
6959
7106
6717
7127
7118
7133
6722
6826
6924
6792
7097
6700
6863
6705
6708
6757
6945
6733
6841
6937
7018
6850
7030
7004
6903
6755
6957
7090
6810
7071
6802
6867
7129
6811
7084
7081
6793
6811
6916
7084
7081
6832
7124
6849
6784
7002
6771
6821
7114
7038
6872
7079
6810
6813
7130
6920
6789
7008
6920
6832
6870
6869
6997
7023
6846
6932
6822
6940
6806
6852
6916
6981
6852
7048
6888
7132
7146
6921
7019
7030
7030
6928
6923
6972
6987
7001
6856
6975
6988
7088
6942
6968
6970
7046
7072
6934
6888
7064
6934
6959
6918
6923
7102
7019
6862
6921
7124
6904
7046
7071
7138
6906
7001
6998
7011
7012
6970
6884
7044
7010
7110
6968
6952
6988
6909
6922
7058
7073
7098
7062
7013
7108
7050
7080
6929
7102
7109
6965
6999
6945
6941
7143
6928
6929
6990
6969
7033
6970
6984
6984
6993
7113
7024
7113
6963
6947
6969
7080
7106
7005
7088
6964
7067
7148
6969
6985
6981
7067
6985
7091
6987
7083
7116
6996
7017
7065
7096
7026
7026
7043
7113
7079
7111
7074
7114
7137
7066
7093
7049
7051
7072
7107
7092
7085
7070
7082
7107
7143
7076
7085
7107
7112
7124
7147
7101
7117
7117
7146
7119
7122
7136
7133
7130
7136
7137
7154
7142
7150
)


// ************************************************************************* //
