/*--------------------------------*- C++ -*----------------------------------*\
| =========                 |                                                 |
| \\      /  F ield         | OpenFOAM: The Open Source CFD Toolbox           |
|  \\    /   O peration     | Version:  2.4.0                                 |
|   \\  /    A nd           | Web:      www.OpenFOAM.org                      |
|    \\/     M anipulation  |                                                 |
\*---------------------------------------------------------------------------*/
FoamFile
{
    version     2.0;
    format      ascii;
    class       vectorField;
    location    "constant/polyMesh";
    object      points;
}
// * * * * * * * * * * * * * * * * * * * * * * * * * * * * * * * * * * * * * //


1673
(
(-0.002132307781 -0.0009532734817 0.0192094482)
(0.01020931041 0.00158445015 0.01666537827)
(0.008859140029 0.002155723011 0.01816384171)
(0.009943608711 0.00188933663 0.01739093977)
(0.009416587033 0.002097910008 0.01892860948)
(0.009493836664 0.00198127334 0.01873473209)
(0.009866313065 0.00124311456 0.01857892726)
(-0.003551409432 -0.001593986099 0.02152246781)
(-0.004116913784 -0.0001081063468 0.02068686028)
(0.01004610859 0.001656803856 0.01886258021)
(0.009755531731 0.002157503795 0.01858841144)
(0.009650060524 0.002134852158 0.01884389646)
(0.0101977342 0.001388878291 0.01886258021)
(-0.004109192217 0.0001785779787 0.02126639328)
(-0.003038510711 -0.00188730738 0.02079662429)
(-0.001108433519 0.0006826223796 0.01987411104)
(-0.002127312862 0.0008828908974 0.01955943397)
(-0.002295656273 0.001050422695 0.02090979316)
(-0.003774248363 0.0005932745615 0.02088433124)
(-0.002176883938 0.0006226571721 0.02041238272)
(-0.002870089283 0.0009142782201 0.02071796765)
(-0.00337101375 0.0008766786958 0.02104264227)
(-0.003443837094 0.0008216341355 0.02026139684)
(-0.002835353366 0.0007983055374 0.01999844359)
(-0.001659307889 0.0006350919638 0.02066437413)
(-0.001177045073 0.0003233903797 0.02060919006)
(-0.001677652626 0.0004140491148 0.02166267519)
(-0.002383317726 0.0007356508162 0.02171986865)
(-0.003840660179 -5.365379908e-05 0.01973935072)
(-0.003786144691 0.0002199171839 0.0204036365)
(-0.00177754271 -0.001585349495 0.02089205987)
(-0.002630463169 -0.001367834489 0.02140827484)
(-0.001508667002 -0.001247369352 0.02159970301)
(0.009717326834 0.002071398976 0.01894558267)
(0.009949790477 0.001870491172 0.01894558267)
(-0.004074168084 -0.0005291799297 0.02018449395)
(-0.004415057241 -0.0004672878098 0.02123458521)
(0.008312176757 0.001268570047 0.01845385182)
(0.008023980265 0.00163608668 0.01854569932)
(-0.001537354424 0.0008002809024 0.01989435081)
(0.01025471582 0.001904097506 0.01723973569)
(0.01019797361 0.001739078701 0.01754595097)
(0.009990787532 0.002045573741 0.01788734662)
(0.01026295099 0.001394258357 0.01722423712)
(0.009428020514 0.001727903881 0.01894558267)
(-0.003125593407 0.001037562707 0.0217457929)
(-0.00370411787 0.0007666932396 0.02145862496)
(0.007948778069 0.001336570477 0.01800980277)
(-0.001093425439 -0.0002795961617 0.02165734613)
(-0.003397598783 -0.001899712272 0.02009322018)
(-0.003527638587 -0.001506620124 0.01934934088)
(-0.003563000997 -0.0008874969096 0.01958384146)
(-0.00369937081 -0.001304341789 0.02005736958)
(0.009514039612 0.002210612151 0.01866855725)
(0.009450709548 0.002302978181 0.018502715)
(0.009335329208 0.002077721601 0.01858372671)
(0.009321128433 0.00218665495 0.01881610443)
(0.009241680467 0.002290935057 0.01863135526)
(-0.003662911439 -0.0005866982685 0.01897623108)
(0.009016788404 0.001736848632 0.01823834538)
(0.00876800588 0.00116734985 0.01872127487)
(0.008797628555 0.001912493719 0.01828616416)
(0.01037994374 0.0006577617357 0.01793689571)
(-0.0007446855766 -0.0004365915388 0.02062438251)
(-0.000784382158 -0.0008692251156 0.02105773609)
(-0.0003393737714 -0.000915405163 0.02007524983)
(-0.003227732718 -0.001020456392 0.02035377026)
(0.008815006607 0.00186855707 0.01857104222)
(0.009142512382 0.001993183187 0.0185784264)
(0.009002315171 0.002052833288 0.01827176629)
(0.009919090157 0.0007358523221 0.01847722628)
(0.01011635211 0.001208116032 0.0188405252)
(0.009245926326 0.0001071524313 0.01871516887)
(0.008011981103 0.001350644937 0.01862388121)
(0.01004673059 0.001204290005 0.01843522576)
(0.01020648448 0.001719107486 0.01814944215)
(0.01001492348 0.001689470993 0.01793051299)
(-0.002431770588 -0.00037233998 0.02158624605)
(-0.003400620231 -0.0005173716375 0.02157273088)
(-0.002938265567 0.0001303912636 0.02172416484)
(0.008433731595 0.0007414779162 0.01886854822)
(0.008567145153 0.001265861086 0.01889022696)
(0.009230818518 0.000944674137 0.01828608855)
(0.009075007487 0.001176488731 0.01843773179)
(0.008961061106 0.001560687706 0.01840032909)
(0.009050097572 0.001683198989 0.0188050846)
(0.009268576424 0.001879090017 0.01841878277)
(0.009065494311 0.001216135639 0.01815354353)
(0.0099653485 0.001023527746 0.01841317075)
(0.009855169586 0.001174653513 0.0182162966)
(0.008419599476 0.0001028308964 0.0186523548)
(0.008869657034 0.0001547075507 0.01852504733)
(0.009102834622 0.0003573484972 0.01803296822)
(0.01047320378 0.001053325562 0.0174787669)
(0.01013379213 0.001311721677 0.01776457108)
(0.01007348691 0.0009309630948 0.01798152567)
(0.008776854672 0.001667403109 0.01848538026)
(0.008290028639 0.0006540757574 0.0174912139)
(0.008707429955 -3.55792893e-05 0.01700598671)
(-0.004182946855 -0.001192506846 0.02131195534)
(-0.003913234596 -0.001547438589 0.02069473682)
(-0.00423915482 -0.0008835560964 0.02062287422)
(0.008204129691 0.001877116934 0.01793892667)
(0.008344813697 0.00111772996 0.01825628714)
(0.009549964304 0.001721291226 0.0181062781)
(0.008304245196 0.001908233765 0.01869219571)
(0.008444932757 0.002042791101 0.01884856876)
(0.008734254696 0.001607415689 0.01876473265)
(0.008865891138 0.001789914393 0.01889013577)
(-0.002769424402 -0.00210709474 0.01982493289)
(-0.003014371554 -0.001898402591 0.01924637859)
(-0.00253937444 -0.002264210187 0.01914845179)
(-0.002917352503 -0.0006997763691 0.0199533463)
(-0.002321377312 -0.001003210085 0.02050384941)
(0.008879828514 0.0005027117689 0.01702560847)
(0.00890633044 0.0007692023999 0.01714661951)
(0.008571801729 -5.799092451e-05 0.01772871692)
(0.008738475364 -8.770424654e-05 0.01824614378)
(0.007781668527 0.0009950158731 0.01813529707)
(0.008148050724 0.0003044173075 0.01864787635)
(0.008234745935 0.0008300574635 0.01853482546)
(0.007765279932 0.0006723625514 0.01853710432)
(0.01031701819 0.001536039839 0.01696016034)
(0.01066984333 0.001357239588 0.01675970756)
(0.008819044695 0.0005853129924 0.01830878378)
(0.009044172884 0.0005049582586 0.01864768293)
(0.009133008169 0.0007292163982 0.01840778701)
(0.00892548672 0.000861163385 0.01844355277)
(0.008666434041 0.0005804043355 0.01872804146)
(0.009076290198 0.0008117119961 0.01873325171)
(0.008390707672 0.001633227303 0.01890514481)
(0.009709968524 0.002227893965 0.018198053)
(0.009615081267 0.00219866199 0.01834710021)
(-0.001061498231 -0.001863178574 0.02092610335)
(-0.0008669741389 -0.001371727401 0.02067808916)
(-0.001120021164 -0.001851414072 0.01945454043)
(0.01019527788 0.0005498338117 0.01848753271)
(0.009023289424 -0.0001990994877 0.01741780629)
(0.009312840091 -0.0001090344686 0.01657898944)
(0.00893526272 0.0007964259101 0.01812779359)
(0.009061754107 0.0006935369389 0.01781528526)
(0.008722642609 0.0004253981479 0.0180217666)
(0.007783521606 0.0008938808747 0.01888281686)
(0.007977536236 0.0003699877174 0.01889022696)
(0.007742825 0.0008539135837 0.01866219266)
(0.009517480101 0.001016480332 0.01832301884)
(0.009206040094 0.0006524807224 0.01810296868)
(-0.002427893022 -0.001512620825 0.01927191616)
(-0.002824103226 -0.001155916217 0.01941606624)
(-0.002209312 -0.0006151910091 0.01951433667)
(0.009762397069 0.001734762721 0.01831052387)
(0.009894876578 0.002088081841 0.01822534465)
(-0.001004121103 -0.001672055378 0.02018539241)
(0.009755322931 0.001043329699 0.01796328275)
(-0.001983983993 -0.001380820649 0.01984622245)
(-0.00222830743 -0.002149918968 0.02048811533)
(-0.001980455126 -0.002189211875 0.01944637637)
(-0.00163913276 -0.001959723175 0.02042464486)
(0.009867812674 0.001725202702 0.01870897637)
(0.009639407441 0.001992063567 0.01865495705)
(0.009909581599 0.001937806298 0.0186948737)
(0.01005826426 0.001795762418 0.01852717853)
(0.009790466157 0.001988001571 0.01846759324)
(0.009897310449 0.000199581568 0.0187368261)
(0.009393618619 0.000562663379 0.01883329111)
(0.01007009377 0.0009204406084 0.01890458073)
(0.00830227474 0.001969251748 0.01846855209)
(0.008499163731 0.00179277377 0.01853069027)
(0.008500234266 0.001867201467 0.01820904284)
(0.008421047285 0.002151819111 0.01818160945)
(0.008495769465 0.002178310408 0.01857665214)
(0.00861857811 0.002084726013 0.0183024458)
(0.008716476822 0.001685566534 0.01822378514)
(0.008978636469 0.001535694671 0.01815268342)
(0.008638184563 0.001412149654 0.01840735982)
(0.008407896911 0.001534886333 0.01798300079)
(-0.003456642371 -0.0003428510259 0.02038497915)
(-0.002459669946 -0.0001964277317 0.02056751395)
(-0.003056050967 0.0002849948249 0.02069522918)
(-0.003379765432 -0.0001177679827 0.02115552062)
(-0.002770050161 -0.0005171077545 0.02096793791)
(-0.002495883675 0.0002484157491 0.02108600464)
(0.009323426445 0.0007291608572 0.01861314082)
(0.009373711214 0.0009492572306 0.01888789305)
(0.00949042991 -7.083496577e-05 0.01722155702)
(0.009428437165 0.0003468443679 0.01770873323)
(0.009302761777 -0.000199738333 0.01781558416)
(0.00924263352 0.001823758992 0.0181905976)
(0.00932855518 0.002299602384 0.01817527047)
(0.009578980615 0.00197115618 0.01824285918)
(0.009209479074 0.002276715093 0.01889939508)
(0.009195343222 0.002238981774 0.01902721024)
(0.009165300658 0.001961726465 0.01892714361)
(0.01031329119 0.001391156538 0.01808534402)
(0.008897876409 0.0007013032659 0.01756300771)
(0.009185478064 0.0004684993023 0.01669965469)
(0.009276730989 0.000811025367 0.01751250824)
(0.009551387247 0.0006250609803 0.01694274071)
(0.009120673552 0.0007511460518 0.01722785735)
(0.009322380008 6.747219607e-05 0.0182096399)
(0.009737833213 8.794872645e-05 0.01795384671)
(0.01034935232 0.0001383980271 0.01763938315)
(0.00968498084 1.153685785e-05 0.0184062139)
(0.01012436405 0.0002766110798 0.01817473768)
(0.009338839591 0.001162582114 0.01836852362)
(0.009282269691 0.001129816863 0.01867070323)
(0.009469385351 0.0009882491294 0.01850165587)
(0.00967475206 0.001213478067 0.01835999809)
(0.009623443265 0.001204498792 0.01883627138)
(-0.0001521548533 -0.0006291669554 0.01905505473)
(-0.0002969354392 -0.0002111934142 0.01905125846)
(0.008755952625 0.0008314037867 0.01790140571)
(0.009063690675 0.001124538743 0.01789031774)
(0.008819416155 0.00132044641 0.01798058895)
(0.008560384048 0.001086981635 0.01792678039)
(0.008678969414 0.001044838567 0.01831651936)
(0.009156608023 0.001627319695 0.01832376537)
(0.009252782626 0.00141323307 0.01822836236)
(0.008967281281 0.001464475271 0.01860431603)
(0.008561741883 0.002270732704 0.01878482289)
(-0.001662790568 -0.0007464497778 0.02051403807)
(-0.0007510562126 -0.0003929916784 0.02015317124)
(-0.001667689458 -0.0001118931093 0.02019826706)
(-0.000841520508 7.152340723e-05 0.02069179618)
(-0.0008398950871 0.0002416157277 0.0197676375)
(0.01042195375 0.0007986846813 0.01827977568)
(0.01051172104 0.001184780215 0.01771508823)
(0.01029676964 0.001169291478 0.0186968237)
(0.009299468457 0.001538229715 0.01807691183)
(0.009549891383 0.001371268474 0.01782469068)
(0.009497452637 0.001147191899 0.01817527506)
(0.0088346864 0.002222324138 0.01845216787)
(0.009076428117 0.002219041472 0.01845765007)
(0.009332777624 0.001484580073 0.01864365104)
(0.009756134151 0.001394240326 0.0183820531)
(0.009418383603 0.001670753435 0.0183166218)
(0.009275942687 0.001770109349 0.01875733682)
(0.009524338629 0.001514216565 0.01886258021)
(0.009699299214 0.001679769602 0.01849573888)
(0.007966140658 0.0005738513162 0.01836815223)
(0.008207090033 0.0001901903165 0.0182005675)
(0.008087122024 0.0009064672799 0.01801602177)
(0.009749368566 0.0009014922327 0.01820261349)
(0.009505994733 0.0004629244399 0.01811912214)
(0.009816015368 0.0005244356604 0.01819113412)
(0.009626389658 0.0008970190506 0.01867887201)
(0.009493995353 0.0007514174482 0.01842803411)
(0.0094306696 0.0004264990958 0.01845741454)
(0.009006396169 0.002221872806 0.0189418183)
(0.008992901439 0.002237865755 0.01875852199)
(0.008981896274 0.002081388646 0.01873014372)
(0.008746613541 0.002240287887 0.01891001933)
(0.008759704154 0.002248073474 0.01873086711)
(0.006596506601 0.001889100632 0.004861339097)
(0.006545356995 0.002428644872 0.00568252569)
(0.008463921567 0.001469706067 0.01651031012)
(0.004809450133 0.002617211484 0.004411597191)
(0.001796915061 0.007413392642 -0.02210247566)
(0.005146060068 0.001140848748 0.00202827546)
(0.004573561708 0.005098566898 -0.01188475068)
(0.004478653395 0.00391807753 -0.01831266246)
(0.009896914925 0.0007167813795 0.01495323431)
(0.004546202341 0.000509907344 0.001793961727)
(0.001953374099 0.00336189277 -0.01996100572)
(0.004604506884 -0.0003942861802 0.003308789354)
(0.004281455018 0.005969104988 -0.0113007434)
(0.008287031783 0.001886722082 0.005975445518)
(0.008709628602 0.0007601379099 0.01668310751)
(0.004644662318 0.004705257201 -0.01928491491)
(0.004780404646 -4.725134761e-05 0.004371342727)
(0.0008896389333 0.007280760636 -0.03069647939)
(0.004725056746 0.002895231225 0.00382762438)
(0.008833867648 0.002142514063 0.01524331383)
(0.005069894995 0.004682396386 -0.005122021912)
(0.003960531309 0.001901642627 -0.01060030749)
(0.002009003495 0.00459106587 -0.01152312277)
(0.00132841344 0.003792867063 -0.007668797575)
(0.009784930974 0.001062352301 0.01855687225)
(-0.002908486956 -0.000951091276 0.0188628701)
(0.001630239024 0.003940960427 -0.006571743915)
(0.009219372268 0.002022266097 0.0187550159)
(0.009914244765 0.001492826403 0.01859610221)
(0.004136249838 -0.001350263235 0.002933060923)
(0.009698603825 0.0005182506878 0.0185737202)
(0.007507929596 0.003468665809 0.006098430546)
(0.002851172999 0.003379179841 -0.0217841147)
(0.005886746025 0.0009563754299 0.003157627109)
(0.001994268823 0.001474971622 0.005925584336)
(0.003253380297 0.007242358513 -0.02456777165)
(-0.001852993581 -0.0002427342063 0.01807251304)
(0.001902837676 0.004978136027 -0.007347342055)
(0.0002473406594 0.005030191262 -0.02402494686)
(0.004595365901 -0.0003634729122 0.006013800428)
(0.008999213041 0.001761841666 0.01848599105)
(0.009755058926 0.00185125145 0.0187669872)
(-0.003738899804 -0.0006621394121 0.02095442275)
(0.01014576603 0.0009847031918 0.01826946925)
(0.008341835502 0.002056972609 0.009261706831)
(0.008033308204 0.0009271658593 0.01865627577)
(0.009835446891 0.0008983997588 0.01571829974)
(0.008444574965 0.003127332631 0.005946193734)
(0.006700304316 0.002263268081 0.004828580545)
(0.001208345652 0.001218539265 0.004248196212)
(0.009205492495 0.0009435920771 0.01849516426)
(0.0003087696859 0.003059083461 0.001678690603)
(0.005962834948 0.003272336477 5.22732851e-05)
(0.004739955383 0.0003972223351 0.002686260142)
(0.00200301797 0.003276328521 -0.0113757156)
(0.007128945962 0.00386409662 0.005227355415)
(0.001409202225 0.003862500625 -0.005621245303)
(0.003415872696 0.001179701024 -0.002472823044)
(0.002719516398 0.005148313498 -0.02892358073)
(0.0007501042717 0.002872249081 0.005235990919)
(0.003347592965 0.005718579769 -0.005449163045)
(0.008946351781 0.00137172722 0.01368863122)
(0.009690783425 0.000900362136 0.01171090989)
(0.004183579421 0.0006236421162 0.0009778666924)
(0.003340290356 -0.001366069959 0.006243516031)
(0.003871384193 0.004155823211 -0.005632885706)
(0.001686955196 0.003593327364 -0.02125657848)
(0.009495958308 0.001392095016 0.009060903172)
(0.001925604714 0.002955866813 0.002740960827)
(0.003485123447 0.001522348409 0.004137374761)
(0.003298314913 0.0006052340498 0.004721317272)
(0.003237214041 0.001872499379 0.002421264813)
(0.00333828914 0.0004298280397 0.0034223359)
(0.003956521175 0.001367050563 0.003423006831)
(0.004944181149 0.001847030266 0.003478350963)
(0.00530726462 0.002463016716 0.003187200914)
(0.003444738227 0.002452833126 0.004423604489)
(0.0026467065 0.001050830404 0.004674390949)
(0.005054741483 0.002173932324 0.004661005153)
(0.003669801358 0.001216877847 0.004855629195)
(0.003745954401 7.404747524e-05 0.005290736005)
(0.002179232786 -0.0002149413054 0.005175335865)
(0.002833071181 0.0006124201145 0.00559097036)
(0.002102934884 0.001763068993 0.002474157226)
(0.00411079681 0.0004903312947 0.003345152305)
(0.004547698626 0.001312909312 0.002654989567)
(0.004047903912 0.0008867407422 0.00417352412)
(0.002859096425 0.0002645259971 0.004067119009)
(0.005332809733 0.001336169064 0.003412530161)
(0.005781957599 0.002322904411 0.003189246508)
(0.003357894057 0.003868297438 0.002489704609)
(0.004430268903 0.002308541223 0.002991352732)
(0.004660439044 0.00259986787 -0.002710964678)
(0.003268743497 0.002095816244 0.003505976912)
(0.004500195396 0.001342784417 0.004047223517)
(0.003169670452 0.0018749838 0.005021492821)
(0.00260954869 0.00109481714 0.003534606704)
(0.004587777239 0.003347356691 5.157197306e-05)
(0.005879963903 0.001264348393 0.003625764439)
(0.005383473714 0.002592918779 0.003811913811)
(0.003803286898 0.003047698046 -0.001193943499)
(0.004093981085 0.004585791016 -0.02159881236)
(0.009404924979 0.0008998511327 0.01797145016)
(0.004866497865 0.002728217305 -0.00447489903)
(0.002280451951 0.001520047296 0.0003756494649)
(0.001693628182 0.0001946264303 0.0071941721)
(0.004338954296 0.0001266484721 0.006429390996)
(0.01034754914 0.002121093802 0.01198419099)
(0.004019003755 0.0007702401864 0.005496160779)
(0.003387376635 -0.0005070287669 0.006583371235)
(0.002097229231 0.0005544083826 0.004602513563)
(0.001745535182 0.0004015585371 0.005919957369)
(0.002568671334 -0.0002529721521 0.00618595779)
(0.003369212835 0.0008428952439 0.008837978828)
(0.004425374886 -0.0002387714533 0.00388553993)
(0.005336924452 0.000225337298 0.003309006464)
(0.004695276937 0.0006855782982 0.003606644902)
(0.003684323516 0.0009252983752 0.00235689043)
(0.003952159639 0.0001889587832 0.00426393167)
(0.0006498366019 0.0001789074438 0.006295481148)
(0.00233071228 -0.0007382067148 0.007287907142)
(0.006641061379 0.002847693957 0.004154178954)
(0.007501502505 0.002338895396 0.00477967031)
(0.004372291134 0.002053994263 0.005150510094)
(0.00316436644 -0.0001152595215 0.004910558912)
(0.005411281475 0.001723113031 0.002824080213)
(0.005403059172 0.0006347973766 0.004294837671)
(0.00612907619 0.00325032527 0.003462398721)
(0.003963292982 0.002034041118 0.001566335839)
(0.004122164508 0.003101297973 0.002560664599)
(0.003333750636 0.004288956784 -0.004150866004)
(0.00393089762 0.003811881443 -0.003286116337)
(0.008644647346 0.002049994547 0.01782392173)
(0.008922909172 0.001359533745 0.01831466713)
(0.009184836919 0.001245988656 0.01699761424)
(0.009271949634 0.002207862015 0.01654480208)
(0.008848158704 0.001967525749 0.01697897107)
(0.002012007311 0.00063997539 0.002032917317)
(0.00455576327 0.002151140548 0.003879047943)
(0.002758034238 0.00271865486 0.001579958709)
(0.002175481635 0.001989215916 0.00425515193)
(0.004650323071 0.0027631882 -0.001122942642)
(0.002647024957 0.003453419776 -0.004210534102)
(0.006038481909 0.003520661954 -0.002835842165)
(0.004565928752 0.003178545928 -0.004533850607)
(0.002760836841 0.004909030788 -0.007578913561)
(0.007911454554 0.003517649052 0.003693356707)
(0.006952405452 0.00280326566 0.003781013389)
(0.002378923765 0.002533482007 -0.0008537098734)
(0.002926334162 0.003715761973 -0.0004001231076)
(0.002439534648 0.00567087466 -0.01994982747)
(0.003505031263 0.004433760776 -0.001490280289)
(0.008686110385 0.001427047084 0.008796987825)
(0.0003477136036 0.005003026104 -0.02511257887)
(0.004512767424 0.003673275536 -0.00907293827)
(0.002349149661 0.004628076722 0.001472999941)
(0.005188595928 0.004200953722 -0.001010668185)
(0.004649154755 0.0007357371816 0.005974385364)
(0.009453338236 0.002373209083 0.01271068932)
(0.004133473418 0.006620920237 -0.02449789231)
(0.002702043193 0.005737384117 -0.02399890138)
(0.003594894617 0.0007788672542 0.006902025381)
(0.003798158459 -0.001064968147 0.004281741108)
(0.002555842769 0.003071584903 -0.003016515634)
(0.005909723471 0.002493694294 0.002713239533)
(0.003419018442 0.00115688971 0.005741209516)
(0.003936643172 -0.000924428033 0.006929185674)
(0.001041334342 0.0002161673472 0.004995510854)
(0.001882864605 -0.0008825577851 0.005520550951)
(0.003943297182 0.001871420326 0.005093610854)
(0.00260044534 0.0009248470914 0.006628953571)
(0.003100538172 -5.70250926e-05 0.007289387515)
(0.001920259893 -0.00114153777 0.01187967395)
(0.002535937574 8.426186839e-05 0.008346543652)
(0.004545680283 7.445625023e-05 0.003354771531)
(0.002726675913 0.0004153769851 0.002515823432)
(0.003673556486 -0.0002756291893 0.003436489528)
(0.002641945163 -0.0007567780748 0.004413330321)
(0.001015929386 0.0006506457991 0.008574163273)
(0.001007601581 0.001091762599 0.006961138512)
(0.001222139052 -0.0009122269106 0.006739341336)
(0.007162810845 0.002771316834 0.004585271297)
(0.00755826264 0.002620492638 0.005543014017)
(0.006477454239 0.003416671448 0.004355170163)
(0.005303524134 0.002141134346 0.004633134521)
(0.006370514463 0.001807434717 0.005197030987)
(0.004380711841 0.0004768920587 0.004859916455)
(0.004792403276 0.0007074650351 0.004287234064)
(0.005491543008 0.000876108931 0.002792685702)
(0.005957342866 0.0007397342751 0.003936307922)
(0.005962894449 0.003289724652 -0.002195990858)
(0.00668617162 0.002620950779 0.003045740903)
(0.005009187734 0.002211739066 0.002244252659)
(0.005101371376 0.00316544322 0.003047576331)
(0.002940427227 0.003840682033 -0.003253581752)
(0.00375682307 0.002906900141 -0.002438901465)
(0.00379813487 0.004003511331 -0.004633618861)
(0.002567900317 0.004149998907 -0.01727670212)
(-0.001137812374 -0.001085554555 0.01966646784)
(0.00907341084 0.001677132952 0.01797475851)
(0.009601563624 0.001999799742 0.01794558513)
(0.009704848489 0.001468687053 0.01752847018)
(0.009098931944 0.001744467003 0.01617935725)
(0.0001054826301 0.0003143327026 0.01366076939)
(0.001241635514 -0.0007026506644 0.008605475734)
(0.003538572581 7.617804294e-05 0.006074013307)
(0.004708390426 -0.0002938011043 0.005187905575)
(0.004053019006 -0.0006506826992 0.005045799122)
(0.007994877377 0.002529308173 0.006023487426)
(0.001276064148 0.001266927128 0.001726650615)
(0.001054868382 0.001945970751 0.002951083924)
(0.005396148816 0.001401581389 0.004085610689)
(0.004176283542 0.002664267874 0.004321721022)
(0.003087984675 0.001597740629 0.001353964406)
(0.00249866977 0.002734491156 0.003710886881)
(0.001321258113 0.001748107502 0.005240805138)
(0.0043015734 0.003345720388 0.001473829793)
(0.003634835198 0.002432295138 8.571627039e-05)
(0.005084920975 0.003514727705 -0.001935437991)
(0.003063521996 0.00312836037 -0.005737905888)
(0.001655690626 0.002934549006 -0.004880835376)
(0.005513391984 0.003287697765 -0.003357460144)
(0.004621516926 0.001953803656 -0.005717622753)
(0.002315958313 0.00626180985 -0.0298929782)
(0.003238893081 0.003806663502 -0.009876607113)
(0.002150462969 0.00364993539 -0.005758571097)
(0.003085753092 0.004897017905 -0.008556959537)
(0.00379830044 0.004348731175 -0.006660717569)
(0.001745496285 0.005362504442 -0.01089992095)
(0.003102194158 0.004624922679 -0.01169836749)
(0.00163446288 0.005064469036 -0.02479127286)
(0.001085663334 0.004239930496 -0.0003920394394)
(0.00892687795 0.001065504455 0.01755036574)
(0.009192952982 0.002495923122 0.01026478049)
(0.00753242946 0.002189752849 0.004787023386)
(0.006896441048 0.003499442536 0.003701392264)
(0.001143463626 0.003359270733 0.001703628813)
(0.002896656166 0.003442369091 -0.001951519269)
(0.001857076721 0.002947066207 0.0004871638513)
(0.002344780389 0.007030497201 -0.01887425576)
(0.002419088455 0.005310777579 -0.01825867255)
(0.003854331318 0.004988642084 -0.002539117107)
(0.00165013741 0.003307711677 -0.003383375699)
(0.009090584881 0.002683033462 0.008895118302)
(0.0009843033404 0.005417288801 -0.01824906643)
(0.002205212948 0.007371832258 -0.02674575908)
(0.006216510971 0.002388837526 0.00173401396)
(0.00398869686 -0.001277040994 0.004642864035)
(-0.0002988858961 -0.002028400901 0.005959634133)
(-0.001397489613 -0.001495052793 0.008444755715)
(-0.001094880558 -0.0001508362612 0.01486605204)
(0.008152767833 0.001817349366 0.004619369008)
(0.001927934068 0.003964157455 -0.01454752843)
(0.002915701028 0.007488606386 -0.02180309068)
(0.003450075677 0.002142455798 0.005899693023)
(0.0009863683528 -0.001334622774 0.002870794474)
(0.0041614013 -0.0008577993297 0.007825943981)
(0.007656743822 0.002615674722 0.0071130541)
(0.008973794552 0.001409817544 0.01098448018)
(0.007988887888 0.003213973493 0.004769950348)
(0.001939852279 5.175055345e-05 0.0007458762855)
(0.001930529229 -0.0001607806127 0.009556411694)
(0.0001034905762 -0.0009877728024 0.005320985102)
(0.001371366732 -0.0007631880253 0.004440189684)
(0.004272335561 0.001369419319 0.005825008906)
(0.003175219207 0.000410509798 0.006692389875)
(0.003022670759 0.005071640687 -0.003681499746)
(0.00403435521 0.004750771778 -0.0207091427)
(0.007235506921 0.002694251873 0.002066370986)
(0.01024329987 0.001449831135 0.01419327368)
(0.01005274607 0.001004836333 0.016517372)
(0.000835928008 -0.0002679529532 0.01058430394)
(0.003671708402 -0.000210220903 0.008293366955)
(0.004055331287 -5.54559832e-05 0.002574511171)
(0.002412353525 -0.0002854401208 0.003485931124)
(-0.000289355231 0.0008303546104 0.005573493887)
(0.000304595828 -4.146125811e-05 0.007700453622)
(0.007781012822 0.0028414342 0.003619887998)
(0.006817925167 0.002477893511 0.005251997212)
(0.005764154334 0.003096251321 0.00480712192)
(0.006878630212 0.001855437185 0.004866778038)
(0.005013069243 0.0008983796244 0.005160993111)
(0.004571194111 0.001432754672 0.004715624958)
(0.005377789976 0.0008133899536 0.003805707266)
(0.002613302915 0.002580161946 0.005387749297)
(0.005114293086 0.00265511733 -0.001284717025)
(0.005517251922 0.003516435057 0.004071141024)
(0.006284095847 0.003829656589 0.002766048676)
(0.005494142037 0.003182809089 0.002193295811)
(0.003578974556 0.002856750587 -0.003733638175)
(0.003031736429 0.004362939856 -0.005065746284)
(0.004480814831 0.001914007535 -0.001823112234)
(0.003519071834 0.005737648539 -0.007170055126)
(0.00263041089 0.005702382278 -0.00699684765)
(0.001806407932 0.004977937452 -0.0234260805)
(0.003432004713 0.006603156663 -0.02323914134)
(0.004323818893 0.004756703324 -0.01085081115)
(0.002858544702 0.004955049094 -0.01638959454)
(0.002304216881 0.002967438014 -0.01862555479)
(-0.001756180742 -0.001479540848 0.01858491909)
(0.008390390892 0.001615877084 0.01835714284)
(0.009280823676 0.002017205661 0.01736149031)
(0.00884442651 0.001229552735 0.01682628019)
(0.0003404463795 -0.001024778866 0.01662030886)
(0.0003541453737 -0.0006940445573 0.01272241859)
(0.008593839774 0.001949835158 0.01295516885)
(0.009776918925 0.001566893213 0.01027405526)
(-0.0003895564338 0.001247874056 0.01276479666)
(0.001759215942 6.244940116e-06 0.01289502968)
(-0.0005241330968 -0.0009304570011 0.009303895924)
(0.00230936481 -0.001566062208 0.01052931854)
(0.002133893528 0.001120344743 0.007863167867)
(0.002669345777 0.0016272307 0.005661725737)
(0.004470933478 0.0001291339877 0.005621555736)
(0.0032966947 -0.0007407658236 0.005437840516)
(0.001255516286 0.002446592677 0.006619415663)
(0.008795286258 0.00226538193 0.006083890684)
(0.007573615063 0.00166136044 0.005875322641)
(0.00109543319 0.000688971028 0.003255587285)
(0.005494279528 0.002023084371 0.004840941357)
(0.005190404719 0.0008398214919 0.004700773243)
(0.003825809642 0.003054708889 0.003671347176)
(0.002999166899 0.002932580904 0.002888489102)
(0.001329107174 0.003162125374 0.004231105328)
(0.006306243045 0.001403446317 0.002741848399)
(0.004973788939 0.002091092514 0.001140079674)
(0.006060319137 0.00406915756 0.0002470616918)
(0.004653041909 0.00452056016 0.0008742349367)
(0.003102806286 0.004185950128 0.0007714698555)
(0.002420392453 0.00199839821 -0.002809166007)
(0.003020842706 0.001243788288 -0.0006583882927)
(0.00391790932 0.001186971917 0.0002880555504)
(0.005731282026 0.004014490403 -0.002443896944)
(0.004369313855 0.004250465858 -0.002006522602)
(0.002926859577 0.00402089839 -0.006337936743)
(0.002239000513 0.003856393969 -0.004352302905)
(0.005427208742 0.002685886317 -0.003511051242)
(0.005053788425 0.004132639911 -0.005710825614)
(0.00482761268 0.004106676383 -0.004418389426)
(0.004505954632 0.002829637389 -0.006343563352)
(0.0009243000013 0.006053454032 -0.02911040175)
(0.002622521798 0.006959910041 -0.0288038486)
(0.003909977275 0.002447905078 -0.009297640953)
(0.003016952058 0.003564287497 -0.007671444841)
(0.002115681053 0.004253662819 -0.009183118079)
(0.0005259434623 0.004469220823 -0.0304784504)
(0.0008391051865 0.004090912491 -0.02750969262)
(0.002485568505 0.001949874052 -0.005118643093)
(0.003300378808 0.00483044783 -0.009938334658)
(0.004555832717 0.005229679618 -0.007129943508)
(0.001137236108 0.006388177307 -0.025671141)
(0.0031624599 0.005502113922 -0.01116774555)
(0.003066686962 0.004447449363 -0.0251086608)
(0.003409064333 0.006013546972 -0.02528807065)
(0.002783857704 0.004383545229 -0.02231362865)
(0.003290398571 0.005649768004 -0.02258507739)
(0.001249892849 0.004848696175 -0.01337164265)
(0.002932580296 0.005631813427 -0.02139685144)
(0.002016445818 0.005904478361 -0.01686775116)
(0.009203059733 0.0004404825959 0.01829919597)
(0.008898803877 0.002696422988 0.009322978352)
(0.008981645286 0.001419729008 0.009746690131)
(0.007156753386 0.001601655945 0.004032347768)
(0.006052040449 0.002737418119 -0.001498635919)
(0.00709631137 0.003170154851 0.003018042367)
(0.0004565593397 0.003210472617 0.003066729697)
(0.002294958971 0.00419590829 -0.001298891392)
(0.0009477070493 0.002362890741 -0.0007545854851)
(0.001946757914 0.002858231267 -0.001843001449)
(0.003510144424 0.006138618444 -0.02951390363)
(0.001191363391 0.005544659473 -0.02035334609)
(0.003181130484 0.006639083632 -0.0189431831)
(-0.0001497279722 0.002100578501 0.00463135875)
(0.003075414427 0.004606120781 -0.002617474293)
(0.00200853754 0.003816315492 -0.03088165542)
(0.008414788894 0.002468054422 0.004872025947)
(0.001637761086 0.002892751598 -0.01024621151)
(0.0006377442596 -0.0002154609709 0.001410775478)
(0.003309684433 0.0001663800603 0.009474743859)
(0.001448122488 -0.002496049744 0.006716273442)
(0.008094420151 0.001738810609 0.007664427071)
(0.007215673433 0.003226108864 0.004405489414)
(0.003103380719 -0.00154873308 0.003693304744)
(0.0005672417233 -0.001786842112 0.004134679173)
(0.001722737914 -0.00213579506 0.004705377955)
(0.004220770936 0.0008527159179 0.006365223453)
(0.003659827561 0.004693756595 -0.003809235582)
(0.00315313785 0.005614210484 -0.01935219176)
(0.009035870398 0.0003225839875 0.01741034796)
(0.01051023554 0.001493365679 0.01509385082)
(0.008446384014 0.001923767307 0.01107658203)
(-0.0004726312334 0.001305707167 0.00905112822)
(0.008052252316 0.002702623353 0.007861487871)
(0.008930279776 0.002650611466 0.007305512777)
(0.007256578106 0.00269662978 0.006534956922)
(0.00189919997 -0.002001985496 0.007893940091)
(0.003415833162 0.0009219583592 0.007654479646)
(0.001130231923 0.00167598051 0.01000359255)
(0.004044026743 2.818117883e-05 0.007039721558)
(0.00324071689 -0.0008734209968 0.002669400625)
(-0.0005530426648 0.001316956868 0.007260158978)
(0.008095209232 0.002222171766 0.004248228437)
(0.006530294455 0.002980630473 0.005206832461)
(0.007077580141 0.002005163785 0.005435187506)
(0.001929959722 -0.001616207657 0.003646124394)
(0.00468824289 0.0007569490395 0.005383016696)
(0.005106051248 7.395829344e-05 0.003983001249)
(0.002073491854 0.0007626060119 -4.584747569e-05)
(0.00348908503 0.003158200662 0.005422430602)
(0.005193974714 0.001913519261 -0.0003154131603)
(0.006049003183 0.003928972335 0.003203307571)
(0.003002204458 0.001458131052 -0.003847526501)
(0.003377022007 0.00526221565 -0.004624397247)
(0.004111064151 0.002112701717 -0.003314175057)
(0.002836164376 0.005296990739 -0.005447724713)
(0.003453972884 0.005436252667 -0.006410618248)
(0.00280738609 0.005875302332 -0.007813914202)
(0.003911074658 0.005527196435 -0.007930785399)
(0.004749033973 0.003251658347 -0.01046046562)
(0.0007787112971 0.004005465237 -0.02438978146)
(0.001944013856 0.006922717853 -0.02407283396)
(0.003715360966 0.006724385867 -0.02214639119)
(0.002443349423 0.003347521113 -0.01274152037)
(0.004548836985 0.003792746673 -0.01257184985)
(0.004147719618 0.00525954349 -0.01454812503)
(0.001912375997 0.003406840858 -0.01609863028)
(0.003706302334 0.006430908871 -0.02105667155)
(0.003294020607 0.004107021497 -0.0190896957)
(0.004038496964 0.003433717061 -0.01641165956)
(-0.003020631059 0.0004266034467 0.02135661849)
(0.009450903272 0.001935662386 0.01839049549)
(0.009996528863 0.0005297436774 0.01757421865)
(-0.002716565632 -0.001378773372 0.01975311777)
(-0.001702058367 0.0001483913536 0.01927555558)
(-0.0006161390714 -0.0007572269302 0.01784279751)
(0.008525365923 0.001555817037 0.01754590312)
(-0.0004422822133 -0.002008003957 0.01566351053)
(6.964174776e-05 0.0007739383308 0.015024861)
(0.001688488638 0.006826461952 -0.0165131564)
(0.009481047078 0.0009374973181 0.01480566987)
(0.009644527725 0.002053584069 0.01541183523)
(-0.001132420755 -0.001558365366 0.01410639607)
(-0.0009193097675 -0.001872678577 0.01275714473)
(0.008678295335 0.001575987425 0.0120045557)
(0.01010502063 0.002360497503 0.01044648952)
(0.0101384046 0.00189759031 0.01124538799)
(0.0009180888273 -0.002229188448 0.01285240707)
(0.001202197406 -0.002223626785 0.009443743234)
(-0.00112132379 0.0001104045022 0.0130948365)
(0.000935382415 0.001326631022 0.01205757702)
(-0.001283973244 -0.001082274656 0.01119949783)
(0.002584573866 -1.9312248e-06 0.01084846725)
(0.008960686684 0.001799363161 0.007939538181)
(0.0001340005431 -0.001861071179 0.007639112891)
(-0.001244029713 -0.0001218903636 0.00802209915)
(0.008060846148 0.003047109155 0.006737874949)
(0.0008793773484 -0.002011246708 0.005800494069)
(0.003259346587 -0.00123403856 0.007511117986)
(0.0003718538717 0.002328737373 0.007932481757)
(0.003587629354 0.001650787546 0.006522384823)
(0.002327452562 0.001355784371 0.009270558112)
(0.006286553583 0.001025742854 0.003159342509)
(0.00626281852 0.002791900964 0.003302751313)
(0.004062353021 -0.0007032907793 0.006037548148)
(0.00338196673 -0.001526012688 0.004870203364)
(0.003960800121 -0.001176809656 0.003490881712)
(0.0005469402688 0.002568420152 0.006037765952)
(0.008227158212 0.001969593389 0.005319539874)
(0.006911236027 0.002994068354 0.005948311834)
(-0.0003058078915 -0.0001120770086 0.004051972586)
(0.00198206454 -0.0006091495046 0.002211589347)
(0.005068976698 0.00280913819 0.004204332769)
(0.005723782845 0.001206966383 0.004356906041)
(0.005000284698 0.00029839719 0.004826630742)
(-0.0004641908973 0.001080987329 0.002389938887)
(0.001138416589 0.001124476079 0.0002733629444)
(0.003773033724 0.004253690107 0.003232173905)
(0.002895684933 0.003401299654 0.004415582224)
(0.005977022567 0.001539571528 0.002074715429)
(0.003221150636 0.0003068177699 0.001261863396)
(0.005682273886 0.002855232872 0.0008532993246)
(0.006938186494 0.002294918346 0.002362595249)
(0.005647575422 0.004278398065 0.00154821115)
(0.003760446899 0.004881728204 0.00188269952)
(0.004692648508 0.003840564905 0.003619190829)
(0.001994520147 0.00458208877 0.0001895566684)
(0.0006276960114 0.003462324394 0.0001640909508)
(0.002096082546 0.002326509435 -0.003812468318)
(0.001937761632 0.001363655139 -0.001230914049)
(0.004059562304 0.001410735191 -0.001019961746)
(0.004765189797 0.004104980811 -0.002895371183)
(0.002171004053 0.004660792215 -0.005388063546)
(0.002396732497 0.004739689675 -0.003355274391)
(0.00592483523 0.003289892361 -0.004039652427)
(0.005235011323 0.003743454444 -0.006726271849)
(0.004106117832 0.004915325673 -0.005348153239)
(0.003939270393 0.001828372403 -0.00487187388)
(0.0001365852967 0.004845632409 -0.02909406552)
(0.001279129715 0.007504606455 -0.02926250046)
(0.002268691348 0.00237037198 -0.008512365078)
(0.002184279234 0.00261768949 -0.006621167078)
(0.002215979674 0.004902573587 -0.006365123618)
(0.002199010467 0.00509009776 -0.008321478108)
(0.001490665553 0.005406616845 -0.03049013704)
(0.001650418921 0.004097161859 -0.02903715358)
(0.003171623373 0.001873566863 -0.006451804123)
(0.004037739556 0.005795393245 -0.01026402768)
(0.003527631712 0.005879803043 -0.009012328924)
(0.004917293014 0.00427036403 -0.007958361161)
(0.0005005292763 0.004416297114 -0.02623549241)
(0.0009747116829 0.006065965231 -0.02731497745)
(0.003320567442 0.006210534897 -0.02712459917)
(0.003228876378 0.005161708991 -0.009937552065)
(0.003355183831 0.00275818208 -0.0109408486)
(0.000906963785 0.006078493257 -0.02402697971)
(0.00362072093 0.004630639711 -0.02392453382)
(0.001278930737 0.003692335062 -0.02527774529)
(0.001718105561 0.005574293026 -0.01210231272)
(0.00122319903 0.003810855105 -0.02285864378)
(0.001874728893 0.006424294489 -0.02244284558)
(0.004324889311 0.005916239545 -0.02201752942)
(0.003569141915 0.003811057317 -0.01493832266)
(0.002830024772 0.006513721464 -0.01573703992)
(0.001339651671 0.004736751188 -0.01729781251)
(0.002201822105 0.006988933678 -0.0205267836)
(0.001195151446 0.004179409474 -0.01910061604)
(0.003552106916 0.006902942487 -0.0168500019)
(0.00405394656 0.004613628905 -0.0174134318)
(0.008630800173 0.001975272473 0.01865609339)
(-0.001752430887 -0.0003420241694 0.02095670877)
(0.009575875226 0.001410965218 0.0182072121)
(-0.003008969138 -2.343942454e-05 0.01994133985)
(0.008435029657 0.0007301433889 0.01831837159)
(0.009756360344 0.001687222439 0.01675961348)
(-0.001549015147 -0.001623103244 0.01704509268)
(0.009320927701 0.0006917129768 0.01603119997)
(0.000951089264 -0.0009512061448 0.01491590135)
(-0.0009742682914 -2.750217314e-05 0.01626175956)
(0.009962951914 0.001413918107 0.01300269278)
(0.008766556326 0.001162387039 0.01475383411)
(5.51739941e-05 -0.001944434911 0.01392290283)
(0.009496727351 0.00223013008 0.01134596284)
(0.0002790172772 -0.002127938676 0.01098866306)
(-0.0006204542564 0.0007955229104 0.01120436505)
(0.009806561654 0.002154858754 0.009560020697)
(0.002765919711 -0.001138191584 0.009087076153)
(0.008390505758 0.002521052984 0.008490214846)
(-0.0005577907364 -0.0007655498014 0.006528938521)
(0.008370632592 0.00183437443 0.006747378009)
(0.002431758322 -0.001812912226 0.006215325443)
(0.002099533108 0.002178491315 0.007084390212)
(0.007108587429 0.001505915785 0.003477948439)
(0.0058447098 0.0026835259 0.004892711374)
(0.00454517913 -0.000414353473 0.004648755268)
(0.001801135985 0.003025552653 0.005625160714)
(0.007687828738 0.003178228074 0.005378205331)
(0.0002130500726 -0.0002631174163 0.002373625425)
(0.004841548968 0.00159186265 0.005315309721)
(0.007634571301 0.002389626021 0.003196926797)
(0.005160538616 0.001276332541 0.004859571903)
(7.961876889e-05 0.001794799689 0.001004344963)
(0.002319296696 0.003902471948 0.003470792647)
(0.002050414815 0.00389321778 0.00216848251)
(0.004439238459 0.001290512842 0.001534236691)
(0.006638278265 0.003201262362 0.001507032019)
(0.005021152101 0.004268951631 0.002455746143)
(0.001653197147 0.003806661192 -0.0009986770914)
(0.004141229377 0.004549260786 -0.000595776582)
(0.001624532832 0.00372761436 -0.002618944634)
(0.003088472932 0.001824480678 -0.001838319726)
(0.005508285579 0.002710661469 -0.002911422854)
(0.002586098418 0.005150843277 -0.00452021678)
(-0.0006269240766 0.005820375302 -0.03112531581)
(0.005463182784 0.003670413403 -0.005072571106)
(-0.0001243690305 0.006239575314 -0.03023984477)
(0.003872395999 0.006155792138 -0.03076917489)
(0.002794615154 0.007311461798 -0.03027348979)
(0.002091807124 0.004035432017 -0.007639315291)
(0.003092009529 0.004613203863 -0.03039518838)
(0.004165931357 0.002504047621 -0.007438363382)
(0.004646278958 0.004930868834 -0.009478537394)
(0.002541871757 0.004385780494 -0.02652441332)
(0.001950100965 0.004360199616 -0.01042625272)
(0.002173588372 0.003764471388 -0.02393818538)
(0.003120897827 0.005394840671 -0.01292950052)
(0.001077198538 0.005171975141 -0.0218994185)
(0.002748215471 0.00416019 -0.02069407549)
(0.001663692259 0.005275621559 -0.01551446861)
(0.001453526997 0.006147323372 -0.01897126634)
(0.002404602642 0.006921324807 -0.01769710444)
(0.009406796292 0.002450726471 0.0189673373)
(-0.004049560547 -0.002216784514 0.02186196572)
(-0.004844758931 0.0002007657098 0.02097293505)
(0.008236440236 0.0002158589565 0.01912417814)
(0.01031956199 0.001637384202 0.01912417814)
(0.009242720456 0.002502321329 0.01890465782)
(0.009197981028 0.002556829119 0.01866619215)
(-0.003706191916 -0.002458047556 0.02116621309)
(-0.001029991262 0.0004209066875 0.02286848881)
(-0.0003319984987 3.604078678e-05 0.02162321055)
(0.009734464774 0.002387195527 0.0187166336)
(0.009666353252 0.00244194198 0.01861396623)
(0.009609149349 0.002360413578 0.01902785636)
(0.01035360949 0.001789962373 0.0188039507)
(-0.003213129859 -0.001449218324 0.02214077595)
(-0.004908340818 0.0004407106338 0.02157570563)
(-0.003412685155 -0.00256867331 0.0200651043)
(-0.003113373076 -0.002717451319 0.02099330065)
(0.0106419132 0.0003229425861 0.01798693002)
(0.01045611181 0.002155943086 0.01724646959)
(-0.003503371792 0.001563953743 0.02142261486)
(-0.003844667282 -0.001047739072 0.02193026347)
(-0.004076777668 -0.0003225200353 0.02185289334)
(-0.005003052539 -0.001049086709 0.02154413505)
(-0.004484913935 0.0008437723947 0.02109160233)
(-0.004121266572 0.001202313821 0.02121596959)
(0.007711051271 0.001749975651 0.01811998904)
(0.0002379894702 -0.001469883696 0.02001566781)
(0.01068148533 0.0002181717388 0.01693414555)
(0.008673444133 6.533884943e-05 0.01912417814)
(-8.939816644e-05 0.000976678355 0.01899391524)
(0.008199765807 0.002248484086 0.01881629596)
(0.007835537853 0.001921878093 0.01853844875)
(0.009622752066 0.001747143603 0.01912417814)
(-0.002167031922 0.001516016365 0.01871416978)
(-0.002916758343 0.001679628633 0.02098437395)
(-0.00234584934 0.001733774213 0.02110133289)
(-0.002010246013 0.001671223031 0.0199532665)
(-0.004097131245 0.0009978738624 0.02054428796)
(-0.0009229073841 -0.00206595803 0.02155011207)
(-0.002294445298 -0.002924557243 0.0203613045)
(-0.003683661135 0.001125403417 0.01995419293)
(-0.003150842168 0.001507044603 0.02027962176)
(-0.003132312831 0.001341122256 0.0194934207)
(-0.0009806626832 0.0013554849 0.02016246893)
(-0.001421884715 0.001402876823 0.0214150351)
(-0.0002372062457 0.0007005089953 0.02025843955)
(-0.001003243101 0.00106146839 0.02148156387)
(-0.000683203334 0.0007139955055 0.02150464575)
(-0.002230457801 -0.001105483894 0.0224683333)
(-0.001931404619 -0.0003385164699 0.02256801769)
(-0.002302486462 0.001532752259 0.02244432375)
(-0.002281116392 0.0003161298015 0.0224514471)
(-0.004092128842 0.0001040032751 0.01898953344)
(-0.004473570398 0.0001289914958 0.01992870639)
(-0.004102762603 0.0006724694542 0.0198333941)
(-0.0009410192956 -0.001136004028 0.02289814613)
(-0.0006816454852 -0.001656826721 0.02181141845)
(-0.002561041722 -0.002765239267 0.02146360387)
(-0.001523832041 -0.002411623463 0.02180831575)
(-0.002286240269 -0.002483251499 0.02244973914)
(0.009936572814 0.002246850325 0.01879469217)
(0.009932217269 0.0021146482 0.01912417814)
(0.01016756978 0.00203855556 0.01879315939)
(0.009135390385 0.002509026026 0.01895719579)
(0.009390288422 0.001948051407 0.01912417814)
(0.009478695865 0.002399745348 0.0190729468)
(0.009314131886 0.002437968762 0.01912417814)
(-0.004798786821 -0.0003335053451 0.02044784939)
(-0.00495076564 -0.0007590730238 0.02092130763)
(0.008124849455 0.00225236061 0.01800158819)
(0.00957267633 0.002530598145 0.01840719283)
(0.009895407921 0.002470573638 0.0179620624)
(0.00998628343 0.002333813038 0.01838322983)
(0.008424630965 0.00246495276 0.01784835144)
(0.008695196209 0.002581767313 0.01825437014)
(0.008168852363 -0.0003158212554 0.01912417814)
(0.007995297561 -0.0002907677246 0.01860778259)
(0.01009811772 0.002331482434 0.01803826294)
(0.0103288723 0.002100736646 0.01807806068)
(0.0001099075546 -0.002016279249 0.01948035582)
(-5.386400904e-05 -0.002363381083 0.01909506311)
(-0.001586846926 0.001594920143 0.01904419075)
(-0.0008748115591 0.001441207241 0.0189477954)
(0.008383152469 0.002387179388 0.01871850478)
(0.008544230877 0.002462998604 0.01868078087)
(0.008536119808 0.002370296224 0.01912417814)
(0.00835868241 0.002316789642 0.01901363806)
(0.000665372171 -0.0009664283779 0.01940321532)
(0.01028183654 0.002224434559 0.01773773378)
(-0.003146448207 0.0006379590525 0.02216300316)
(-0.00390408358 0.001440909839 0.02191045804)
(-0.003774723436 0.0003285580368 0.02195357809)
(-0.003639158764 -0.002324512108 0.01948889525)
(-0.0003659359936 -0.0008630544027 0.02191419524)
(-0.0002339906672 -0.0004057947818 0.02162664679)
(-0.004062741839 -0.001881589635 0.0194882286)
(-0.004378888407 -0.001348229076 0.01956333132)
(-0.004604613765 -0.0008175454844 0.01986658618)
(0.009451393618 0.002499415505 0.01871357911)
(-0.004210549031 -0.000858555807 0.01884622685)
(-0.004004268386 -0.0004473884116 0.01838447939)
(0.01076436347 0.0006232010796 0.01784442107)
(0.0001706435674 -0.0009564700238 0.02056687515)
(0.007475095964 0.001184103674 0.01857568783)
(0.007540316343 0.001386747482 0.01814517281)
(0.009298218654 -0.000539389034 0.01912417814)
(0.009774377678 0.001479218038 0.01912417814)
(0.008205334854 0.000801548043 0.01912417814)
(0.009010474033 0.001077964066 0.01912417814)
(0.008221144085 -0.0003518992097 0.01736450319)
(0.008665065092 -0.0005337086794 0.01716994906)
(-0.00431980541 -0.001999469228 0.02095143891)
(-0.004713038704 -0.001510426712 0.02100444191)
(-0.004380749609 -0.001767770321 0.02028504011)
(-0.003090201215 -0.002667852326 0.01931307285)
(-0.002040190671 -0.003015504007 0.0195251879)
(-0.002517945633 -0.002894719607 0.01879743425)
(0.008231008927 -0.0004430475719 0.01861074843)
(0.008524905582 -0.0005545308225 0.01777318394)
(0.0086888509 -0.0006370036415 0.01831117605)
(0.009377981302 -0.0006575290083 0.01772657566)
(0.009085485441 -0.000683044079 0.01857263509)
(0.01102040673 0.0009165660181 0.01669420569)
(0.01088951379 0.001010563821 0.01728767644)
(0.007466372124 0.0005977713514 0.01854341548)
(0.007440787514 0.0009227045363 0.0181358089)
(0.007642863001 9.460044403e-05 0.01879116584)
(0.01097302867 0.001772474518 0.01656547442)
(0.01078212629 0.001976004445 0.01672700747)
(0.0103546558 -7.679722855e-05 0.01841304946)
(0.009954529958 -0.0004224409689 0.01856977189)
(0.007715195668 0.001700805639 0.01912417814)
(0.007889264512 0.001968125847 0.01890440456)
(0.008484164254 0.001878138187 0.01912417814)
(0.008360802983 0.001356257586 0.01912417814)
(0.007549008863 0.001370246491 0.01890724215)
(0.009502709568 0.002602229404 0.01813658275)
(-0.0002733739514 -0.001824890605 0.02066173886)
(0.01046641649 0.0002026041477 0.01872533239)
(0.009551733111 -0.0005934767905 0.01717515983)
(0.009294647432 -0.0005814492069 0.01662897246)
(0.007529279832 0.0003799067069 0.01912417814)
(0.007458971014 0.0008349228357 0.01888418845)
(0.00756742967 0.0002458785211 0.01889765855)
(-0.001079474523 -0.002576993871 0.02058572486)
(-0.0008180242386 -0.002690118647 0.01975595698)
(-0.001495621359 -0.002913707356 0.01997398574)
(0.009521871991 0.0002441392297 0.01912417814)
(0.0104848672 0.000559369305 0.01912417814)
(0.009683869608 0.0009526257921 0.01912417814)
(0.00991381095 -0.0004894067571 0.01744115548)
(0.009093203225 0.002495429821 0.01907182052)
(0.009008612076 0.00203957529 0.01912417814)
(0.01069160314 0.00033923435 0.01753832116)
(0.01034133231 -0.0002066516145 0.01728543273)
(0.01050610291 0.001709600746 0.01842340172)
(0.01068652984 0.001706067929 0.01743281012)
(0.01019254224 -0.0003227805317 0.01783684001)
(0.0002109923265 -6.710800327e-05 0.02028089808)
(0.0008837848489 -0.0005927832354 0.01893448965)
(0.0004279938171 0.0004389967894 0.01904628883)
(0.0006190844603 -3.267900478e-05 0.01924288818)
(0.008663684392 0.002461991082 0.01884796574)
(0.008728051403 0.002453284865 0.01901307258)
(0.01065280003 0.0009892143417 0.0187241958)
(0.01080336226 0.0009981519938 0.01791091702)
(0.01070968712 0.001361849738 0.01813205227)
(0.009046895914 0.002614997539 0.01838711244)
(0.007714903086 -3.728914954e-05 0.01825362773)
(0.00746505097 0.0007542735699 0.01802465336)
(0.007580972133 0.0002786532015 0.01781546186)
(0.008901842371 0.002500961606 0.01896533943)
(0.01046527381 0.002014338153 0.01769790204)
(0.01016883336 0.002167648018 0.01845337478)
(0.009266540276 0.002475835862 0.01901210339)
(0.008543155144 0.002419244861 0.01889988543)
(0.009355544914 0.002573367903 0.01850461562)
(0.009545062122 0.002418452865 0.01892080572)
(0.008888608135 0.002520874475 0.01880564083)
(0.009779259262 0.002461661594 0.01830370492)
(0.009206207089 0.002663542382 0.01796004546)
(0.01000224582 0.002461300952 0.01761696903)
(0.009540671632 0.002757233283 0.01682204414)
(0.01154898523 0.002007379738 0.01402212308)
(0.01133285921 0.00190710144 0.01579693339)
(0.01069814147 0.0006126661709 0.01829008211)
(0.01087767605 0.001384857239 0.01716070721)
(0.01083289991 0.000578422003 0.01708769741)
(0.01014452203 0.001889730894 0.01912417814)
(0.009100982103 0.001604556312 0.01912417814)
(0.008916242049 0.002474594269 0.01912417814)
(0.009679594742 0.002291546502 0.01912417814)
(0.01044777325 0.001353879764 0.01912417814)
(0.008919965964 0.0005513718198 0.01912417814)
(0.008183272887 0.00219733807 0.01912417814)
(0.007680433241 0.001661898294 0.01868611148)
(0.007452341797 0.0007806613082 0.01866810956)
(0.007490703743 0.001051724266 0.01912417814)
(0.008040732093 0.002143958803 0.01747256619)
(0.008237022191 0.002328228429 0.01853181703)
(0.008637319651 0.00260668987 0.01717363711)
(0.008127568542 0.002221742521 0.0167059975)
(0.009795365995 0.002846110421 0.01601456923)
(0.01031074562 0.003031883531 0.01373662295)
(0.01106644915 0.00257922922 0.01425389613)
(0.01045521637 0.002499305355 0.01625070594)
(0.01007669005 0.002962926549 0.01495327833)
(0.01160414383 0.001149282412 0.01417823636)
(0.01100612097 0.000357815647 0.0140394702)
(0.009741253064 -0.0005604354604 0.01799043296)
(0.01007086639 -0.0001244813539 0.01912417815)
(0.01053267483 5.612748132e-05 0.01767711422)
(0.009976966474 -0.0004309442587 0.01675164106)
(0.01089885018 0.000383149157 0.01621958321)
(0.008426922302 -0.0004206941209 0.01912417814)
(0.008093575031 -0.0003612674769 0.01808932443)
(0.007497251659 0.0004175592436 0.01841793287)
(0.007921764269 -0.0001871904244 0.01912417815)
(0.008364831482 -0.0003164442065 0.016643864)
(0.008996550421 -0.0006434846033 0.01746750317)
(0.00753002885 0.001062865887 0.01761431837)
(0.007706321925 0.001052421683 0.01581988771)
(0.008629627191 0.002875804375 0.01360686866)
(0.009372487936 0.003098974103 0.01403591522)
(0.008526948385 0.002706447064 0.01467583988)
(0.009043562611 0.002856886096 0.01581045581)
(0.00971351514 0.003668140367 0.009558274382)
(0.009115905467 0.00395189999 0.008398392507)
(0.01016016553 0.003430174723 0.009834334356)
(0.01026064835 0.003312815579 0.01078180721)
(0.01095370645 0.001151215521 0.01090643122)
(0.01124139327 0.001687828192 0.01159609533)
(0.01120581927 0.001118277718 0.01216227957)
(0.01073097673 0.001482665494 0.009235204624)
(0.01050629898 0.001803939462 0.007858190993)
(0.0100223152 0.001784537443 0.006250562196)
(0.009457712772 0.00218209745 0.004653123983)
(0.009126032592 -0.0002216747393 0.01424645453)
(0.009575651755 -0.000463354565 0.01578986945)
(0.009385574287 -9.703235114e-05 0.01317388071)
(0.01010445118 -0.0001224257755 0.01399868884)
(0.007995591305 0.0005339753442 0.01326595965)
(0.008405924306 0.0001401631431 0.01381923447)
(0.007960436533 0.0004758429288 0.01431155354)
(0.008064558437 0.000155802435 0.01539429922)
(0.007820004422 0.001749607566 0.01436837791)
(0.007950592341 0.001974762854 0.01546203325)
(0.008049485186 0.002262544927 0.01385753226)
(0.00779355617 0.001785980454 0.01335247694)
(0.00775184632 0.001071939911 0.0148476606)
(0.007915905811 0.00332986405 0.0093399527)
(0.008334237487 0.003192650011 0.01084562454)
(0.008847410908 0.003626638303 0.01009961588)
(0.00954087304 0.003344218163 0.0122465081)
(0.01069620072 0.002519568761 0.008610621996)
(0.01031767592 0.003300419239 0.009101455329)
(0.01049664809 0.002979230849 0.008590923093)
(0.00991210984 0.003609482405 0.008090727247)
(0.01043070221 0.002607647118 0.007431782062)
(0.009675936067 0.003525224492 0.006111386163)
(0.009699797837 0.002732955879 0.005123496901)
(0.0090536498 0.003549877048 0.004031740897)
(0.008399469821 0.003904084549 0.002653489049)
(0.0112103534 0.002259833131 0.01220297139)
(0.01094043675 0.002631125878 0.01103628238)
(0.01090084746 0.00241398766 0.009802642931)
(0.01106149722 0.002317715658 0.01094372392)
(0.01067818177 0.002943491661 0.01011268907)
(0.007352610312 0.004384832608 0.005886803823)
(0.007831629256 0.004272900059 0.006678825018)
(0.00714835177 0.003200200608 -0.002523586925)
(0.008111339291 0.002302069117 0.002219083824)
(0.007461138524 0.002838714134 -0.0007054820193)
(0.009096601517 0.002009007437 0.004118397457)
(0.01046488335 0.00032048488 0.01219441065)
(0.009390661527 0.000295117873 0.01024739479)
(0.009196685754 0.0004986538037 0.008650242397)
(0.01017927669 0.0006219068366 0.009907868234)
(0.009749917445 0.0008817596239 0.007634985947)
(0.008999611656 0.000663416823 0.007364485718)
(0.008651227086 0.000198124073 0.01222728571)
(0.00803755824 0.0005541619253 0.01223379888)
(0.007900795617 0.0007816059199 0.01117367148)
(0.007872686581 0.0008500449105 0.009520197903)
(0.008517323441 0.0004676293761 0.009819237755)
(0.008032740375 0.002514211464 0.01224439958)
(0.007602049651 0.001330187925 0.01034380719)
(0.007737008824 0.001185743147 0.01223863098)
(0.007721452601 0.002633894511 0.01037541261)
(0.007501431524 0.001992680117 0.01040042419)
(0.006965308098 0.003822893201 0.006544369166)
(0.007980102116 0.00386469721 0.00800811227)
(0.007550356161 0.003372095844 0.00833991469)
(0.007112277746 0.003272736001 0.007504871274)
(0.006221099783 0.002864275425 0.0060546265)
(0.006294225512 0.003337713367 0.005982487522)
(0.006624318539 0.00314953609 0.006604249981)
(0.007830616714 0.004559061726 0.005237269523)
(0.007822648722 0.004672904747 0.004406605417)
(0.008931382561 0.004164448186 0.006131165802)
(0.006699328407 0.005196407587 0.001502284699)
(0.008253222107 0.00440191348 0.003419982628)
(0.007245677894 0.004975228637 0.002729603232)
(0.007451528822 0.003871919653 -0.0002615727435)
(0.008142356357 0.003748185826 0.001778222949)
(0.007999433866 0.003560474466 0.001236172977)
(0.007861892192 0.00311942383 0.0007999044052)
(0.008683043018 0.002884080981 0.002927299009)
(0.007083998631 0.003473477665 -0.002534899849)
(0.007321321909 0.003351242116 -0.001418776924)
(0.006966926996 0.003923926378 -0.002072703509)
(0.006504240678 0.004279439853 -0.003451705325)
(0.00689312389 0.003598632822 -0.003659712434)
(0.006771743466 0.003661276833 -0.004784501061)
(0.006221944928 0.004568788881 -0.004934118701)
(0.005599673024 0.005136317892 0.003262915214)
(0.006564155865 0.004673951714 0.0044682099)
(0.006078739627 0.005387964816 0.002351995499)
(0.006844986421 0.002305537476 -0.00357921005)
(0.006627052292 0.001596600866 -0.0001995763264)
(0.006875150829 0.002825589544 -0.004580885113)
(0.006871355789 0.003303686786 -0.004630262028)
(0.007250331332 0.002479737589 -0.001202304363)
(0.006768120061 0.001901634763 -0.002144710416)
(0.00715925053 0.002763915758 -0.002386221322)
(0.007015356303 0.003062206618 -0.003568192534)
(0.009232057504 0.001168047077 0.005384461877)
(0.008288720846 0.0008497210662 0.004648980964)
(0.008299541112 0.001620100543 0.003289784802)
(0.007985770023 0.001073799531 0.003634169507)
(0.007807204046 0.00187180585 0.002228242706)
(0.007979075004 0.0008304044487 0.005760782272)
(0.008294888702 0.000736482255 0.007415350171)
(0.007548426066 0.001098268436 0.006384892036)
(0.007395376144 0.001444943101 0.008453286747)
(0.006973043919 0.002005173643 0.007299061439)
(0.007265630271 0.002723924076 0.008534202094)
(0.007234056469 0.001480089279 0.006980730798)
(0.00668204685 0.002543612937 0.006804160991)
(0.006643818165 0.001935384336 0.006230790366)
(0.005682697734 0.003111517046 0.005465859213)
(0.005159944256 0.003379686124 0.005089429537)
(0.005009047394 0.004025436988 0.004599849996)
(0.005869420461 0.003847755188 0.005154511664)
(0.005223376637 0.004767948208 0.003870839722)
(0.005986902065 0.005242440553 -0.0007675098207)
(0.007306685144 0.004555182119 0.000780523955)
(0.006402435344 0.004726537264 -0.001482109887)
(0.005488891567 0.005253411747 -0.002051254556)
(0.004900313629 0.005472569431 -0.003025964908)
(0.005609581989 0.005059566146 -0.003765459905)
(0.004489394177 0.005751245891 -0.00437559147)
(0.003958879907 0.006086837429 -0.0052922747)
(0.006000385138 0.005048491112 -0.007191019555)
(0.005901075152 0.005370380833 -0.008563545233)
(0.005798555836 0.005598277037 -0.01070630935)
(0.005434159738 0.005683819585 0.000185013576)
(0.004317149234 0.005962525544 0.0002560976622)
(0.004501625836 0.005661045316 -0.001886482083)
(0.003290460144 0.005772686045 -0.002992296573)
(0.003074181655 0.00595393058 -0.004186843678)
(0.003606871489 0.005921395967 -0.003954904119)
(0.003310593389 0.005779932544 -0.001040500651)
(0.003189829052 0.006111062896 -0.004921449879)
(0.006029929659 0.001323204056 -0.004102870178)
(0.006707163612 0.00219781376 -0.004274706713)
(0.004793911589 0.0005147919199 -0.0004725098636)
(0.004112945076 0.0003130398488 -0.0009240813898)
(0.005793963696 0.001085500541 -0.001056311037)
(0.007357733769 0.001933927101 0.001181471417)
(0.007518633289 0.001305491285 0.002638882039)
(0.006982187748 0.0009178504164 0.002548270621)
(0.007534120407 0.000810171258 0.004133970959)
(0.00691588638 0.0007291408942 0.004250129199)
(0.006863490188 0.001309623097 0.005561817905)
(0.005702725572 0.001131415773 0.005023295435)
(0.006277885362 0.0009287637927 0.004768242235)
(0.006668063247 0.001020179424 0.004888919713)
(0.005520702136 0.0009129181338 0.005101681439)
(0.006249153917 0.001785761017 0.005605741082)
(0.005952577135 0.001256948845 0.005083529178)
(0.003803309295 0.005639191434 0.002955506167)
(0.00459085865 0.005652023201 0.002548705355)
(0.004430417403 0.004868615612 0.003855886344)
(0.003567927967 0.006033960771 0.001440626179)
(0.004312877321 0.002283836719 0.006239059277)
(0.004187677089 0.001906533488 0.007480879528)
(0.003899223223 0.006840282736 -0.009089090614)
(0.005085867471 0.006341680692 -0.01018076534)
(0.004113344741 0.007012438697 -0.01081991279)
(0.005098013582 0.006058629326 -0.008120338925)
(0.004017200331 0.00620898907 -0.006049736359)
(0.005118540798 0.005623035057 -0.006087887937)
(0.004332144561 0.00625574729 -0.006868866937)
(0.003507247683 0.006443895708 -0.006636551004)
(0.003820330466 0.00659482972 -0.007632839439)
(0.005519062867 0.006215830112 -0.01496338708)
(0.005437509799 0.006492526809 -0.01717986237)
(0.006167598595 0.003695175908 -0.01230164741)
(0.006200327488 0.004666271061 -0.01123972799)
(0.00622862198 0.003306898716 -0.009935702455)
(0.006430851532 0.004215206667 -0.00856816644)
(0.006409052569 0.002861200136 -0.007634343692)
(0.006706063967 0.00358288769 -0.005940700056)
(0.002679684679 0.005789687498 -0.003819016235)
(0.0008728891546 0.005193786259 0.0002402969405)
(0.000341208665 0.005004336913 0.001534683568)
(0.002638957962 0.005590015315 -0.002717287377)
(0.002049680522 0.005295782127 -0.002056199681)
(0.001709860156 0.005406504945 -0.0006093747643)
(0.002551396497 0.005542931524 -0.001610306697)
(0.002705022203 0.006024540278 -0.004910807205)
(0.004848740717 0.0006035746029 -0.005094302425)
(0.00459996205 0.0005599896542 -0.001949741026)
(0.005782388869 0.001105188383 -0.002650932049)
(0.005360937278 0.000864893426 -0.004177797896)
(0.003112375571 -0.001374088175 0.001208847041)
(0.003838700672 -0.0001162892039 0.0001102392262)
(0.005544176832 -0.0001330200743 0.002170326682)
(0.005877395873 0.000917157396 0.000525874744)
(0.005554215961 -2.600303194e-05 0.004608242449)
(0.005710861739 0.0006123158247 0.004711404528)
(0.006443188216 0.000371270006 0.003028691235)
(0.005865774677 0.0001628957698 0.00412216544)
(0.006429571564 0.000669075493 0.004343431177)
(0.005341176816 0.001246975106 0.00546980834)
(0.00508548646 0.001181822932 0.00604133415)
(0.005504950371 0.002231179376 0.00552444858)
(0.005041363803 0.0004097920154 0.006667538531)
(0.004740635277 0.001326835096 0.006843097471)
(0.004888808795 -2.811959785e-05 0.00767242442)
(0.002073013651 0.004642643733 0.005089182487)
(0.002713925304 0.005772478048 0.002509198299)
(0.001245531144 0.005419401131 0.001729859728)
(0.002336374079 0.005830178673 0.000592357381)
(0.004197783904 0.003769565207 0.00490427296)
(0.003039372692 0.003758027582 0.005909249384)
(0.002475619496 0.004329548545 0.005554240384)
(0.003242739364 0.004955932617 0.004195254785)
(0.00365054481 0.002863846687 0.00648698258)
(0.002970156999 0.003295865882 0.006989532196)
(0.003738411553 0.001162052555 0.01042510459)
(0.005037852071 0.006572994067 -0.01224806511)
(0.004992414086 0.006838379427 -0.01430479571)
(0.004087045754 0.007462022797 -0.01415987091)
(0.003001684001 0.007640825281 -0.01409041349)
(0.002216936187 0.007478915823 -0.01391770883)
(0.003129523719 0.007328283419 -0.01193807754)
(0.002341832703 0.007132108783 -0.01151173104)
(0.002968072309 0.007016562575 -0.00995300074)
(0.002926674375 0.006851809257 -0.00895853014)
(0.002874390386 0.006675363707 -0.007966861259)
(0.002805693241 0.006477169009 -0.006980236986)
(0.004140993207 0.007851044597 -0.01972576497)
(0.004993859021 0.007104164074 -0.01852988297)
(0.004868497473 0.007170266507 -0.01634415537)
(0.004086591193 0.007805589377 -0.01767198118)
(0.004106163236 0.007879242789 -0.02148716768)
(0.005012174998 0.006972104673 -0.02174835254)
(0.00500490011 0.00701528033 -0.02071961648)
(0.005441510466 0.00583319379 -0.02215429879)
(0.005231340827 0.006628395168 -0.02176231208)
(0.005618340791 0.005306934242 -0.02051684226)
(0.005379293183 0.006432584947 -0.02067699693)
(0.005752981173 0.00477453425 -0.01822726425)
(0.005640047768 0.006008910459 -0.01842503185)
(0.005839057049 0.004716572531 -0.0170118007)
(0.0058163581 0.005564380091 -0.01616902394)
(0.005907719898 0.004378358521 -0.01582521214)
(0.005979958445 0.005132051646 -0.01390960591)
(0.005003661366 0.001617548192 -0.01187164593)
(0.005769124926 0.002533687389 -0.01180017818)
(0.005792771786 0.002121831695 -0.00901065958)
(0.005943431945 0.001580430649 -0.006247240506)
(0.005006751657 0.001234966103 -0.009056076524)
(0.0002557436987 0.003263453127 0.009752652924)
(0.0004727533839 0.003828564568 0.007508036671)
(0.001045150401 0.004561998238 0.005140200105)
(0.0001755464806 0.004177664008 0.005401407079)
(0.00043432368 0.004874454761 0.003087592321)
(0.001809041903 0.005702039297 -0.005307320002)
(0.001541017442 0.005287213307 -0.00451808253)
(0.002350801061 0.005911554025 -0.004907147773)
(0.001370045976 0.004820895074 -0.003370554922)
(0.002085106822 0.005548988525 -0.00391100619)
(0.001782945042 0.005149246762 -0.002874481363)
(0.0009492787438 0.004377356096 -0.002005643865)
(0.0002236546355 0.004201180994 -0.0007486684403)
(0.001375545749 0.004880634503 -0.001847811757)
(0.0002332638923 0.00468411195 0.000123886215)
(-0.0004263176158 0.004169340656 0.0004776016981)
(0.003141191708 0.0003401360343 -0.005209621178)
(0.003724638929 0.000352615753 -0.004000610646)
(0.002631706478 0.0005665489957 -0.002990546906)
(0.002037931265 0.0008565575079 -0.003054882871)
(0.001349378189 -0.00271150383 0.002345085072)
(0.002260668168 -0.002590936074 0.002299281411)
(0.00127854725 -0.003056554174 0.003659016812)
(0.0008386546885 -0.003190503221 0.005065717517)
(0.004511338509 -0.000671483665 0.001498398913)
(0.004744698249 -0.001784448571 0.003123158038)
(0.003821650889 -0.002294678452 0.002483760118)
(0.004167766533 -0.002312175957 0.004094554285)
(0.003421865252 -0.002670524725 0.00532623745)
(0.002093058646 0.0006689044612 -0.002056750671)
(0.002427306616 -0.0005129253173 -0.000122375532)
(0.003266303515 0.000235799954 -0.001388136258)
(0.001565917076 0.0006859157053 -0.001533732586)
(0.0014212662 -9.282930022e-05 -0.0006528959775)
(0.002192835723 0.0001940050148 -0.001160371178)
(0.005361769267 0.000294953595 0.005379687843)
(0.005391808254 -0.0003974348129 0.004771323311)
(0.005034602273 -0.001013618659 0.005428958477)
(0.005331253796 -0.000907673889 0.003999566946)
(0.004262144446 -0.002068480913 0.005503346379)
(0.004551909516 -0.001656662488 0.006356580267)
(0.004946233366 -0.0006834919738 0.006904615653)
(0.004282648134 -0.001888541415 0.007344545981)
(0.004235912784 -0.0009516705498 0.009908512309)
(0.004573650804 0.000637704905 0.00868125615)
(0.004138632539 0.0001098166293 0.01047424103)
(0.003730916081 -0.001359669954 0.01120425148)
(0.003435671727 0.002416767749 0.008352395852)
(0.003015631115 0.002032157969 0.01032366129)
(0.002195618807 0.002880462917 0.009917877521)
(0.001827701012 0.00392055177 0.007051720578)
(0.0008980493044 0.00338021102 0.00961770849)
(0.001337398695 0.002795478152 0.01127660126)
(0.002365016319 0.0004922219823 0.01451508696)
(0.001662197767 0.0003674561777 0.01634262188)
(0.000734113296 0.006373251797 -0.01336498915)
(0.001584741305 0.006985459424 -0.01274582169)
(0.0009723962832 0.006392460382 -0.0119871777)
(0.001142346974 0.006242582951 -0.01036394823)
(0.001934757016 0.006789348729 -0.01049040526)
(0.002118025736 0.006683493319 -0.009365150262)
(0.002306421545 0.006567318136 -0.008240895693)
(0.001464408867 0.006237547681 -0.009065371546)
(0.001508348156 0.006125525826 -0.008335758909)
(0.002473438178 0.006436366572 -0.007213775539)
(0.001631148345 0.005950363029 -0.007006626158)
(0.002687616914 0.006248962772 -0.006004897299)
(0.001732221697 0.008314706258 -0.02103582425)
(0.001913277723 0.007982097623 -0.01808500695)
(0.002974912237 0.008347493597 -0.02074187814)
(0.001842733867 0.008135154151 -0.0193081265)
(0.002983520862 0.008162299496 -0.01849627332)
(0.001989280486 0.007816064916 -0.016863251)
(0.002979717564 0.007892558393 -0.01625882622)
(0.003688188039 0.008216347538 -0.02563916983)
(0.004105263584 0.007897044223 -0.0230002535)
(0.004712843593 0.003155873286 -0.02023005656)
(0.005322337157 0.004110208767 -0.02020070792)
(0.004749844059 0.002627213313 -0.01772588833)
(0.005466041017 0.003569157077 -0.01738457419)
(0.00566613722 0.003004495241 -0.01457671376)
(0.004865146871 0.002360403322 -0.01606029375)
(0.005101585797 0.006095338566 -0.02620092676)
(0.004668209874 0.007265329815 -0.02563201784)
(0.005024689765 0.006892298626 -0.02290730143)
(0.0052314257 0.005934725991 -0.02451990322)
(0.002734243239 0.001130260082 -0.01187629033)
(0.002851886566 0.0005977863437 -0.007729057219)
(0.002719655303 0.0004933703328 -0.006252468383)
(0.003957264373 0.000375134591 -0.006248205758)
(0.003913990072 0.001118138033 -0.01187564556)
(0.00296246154 0.0008239514558 -0.009851438857)
(0.003938634259 0.0007300612321 -0.009064052244)
(-0.000548543922 0.004296260272 0.002222869591)
(-0.001054974823 0.003546652037 0.003518868448)
(-0.001098867128 0.00313460044 0.005906043998)
(-0.0005550741239 0.00387176108 0.004684570083)
(-0.0003901622205 0.003535799883 0.007159463855)
(-0.0008086983173 0.003028237882 0.008483775696)
(-0.0002013100061 0.003145865308 0.009624452206)
(0.0007087851371 0.003732698091 -0.004427493254)
(0.0006030927733 0.003263511512 -0.002663084074)
(0.0009888293187 0.00429632654 -0.003749023157)
(0.0002759823118 0.003660054096 -0.001502714491)
(-0.0003321680223 0.002836967942 -0.0009931121903)
(0.002075521419 0.000787667305 -0.004451084407)
(0.001308599958 0.001451711508 -0.004453939769)
(0.0009741714306 0.001905357816 -0.005319785441)
(0.0002496920974 -0.002944612203 0.004664749553)
(-0.0008316498768 -0.002339087278 0.004926112505)
(0.002774050281 -0.002976334687 0.005535268151)
(0.002153583691 -0.003202992634 0.005773493687)
(0.002655409155 -0.002993145769 0.003973907892)
(0.0002176270983 -0.003803014135 0.009917051184)
(0.001134237429 -0.003636488541 0.007588972994)
(0.001428036464 -0.003267843273 0.005331510869)
(0.000330734346 -0.002585292641 0.002752705311)
(-0.000133540655 -0.001852261383 0.001810660946)
(0.0001549654132 -0.001266227289 0.0009091601538)
(0.001662793045 -0.001618985641 0.00092873627)
(0.0007579529771 0.000919687405 -0.001235787995)
(0.0004878326732 0.00150025346 -0.001511050356)
(0.001231074477 0.001486392075 -0.002742621812)
(0.0004460941871 0.002418521604 -0.002100261597)
(0.0008061501341 0.002127583116 -0.002795150829)
(0.000683629235 0.002929389342 -0.004027267478)
(0.0007910962329 0.002349763562 -0.004340539666)
(0.00189800744 -0.003513734642 0.008752957814)
(0.003017429864 -0.002939725765 0.007070337142)
(0.00276960307 -0.003052130171 0.009443811409)
(0.002211474145 -0.003264591595 0.01065832526)
(0.003730643627 -0.002424133174 0.007857170047)
(0.003471856405 -0.002260121531 0.01032555301)
(0.004324491455 -0.001557262015 0.008420254256)
(0.0006857838409 -0.003776774535 0.0104489392)
(0.001616339427 -0.001714327762 0.01641753214)
(0.002042003679 -0.001902364771 0.01507253659)
(0.002527383638 -0.0005569739669 0.01492522121)
(0.002826742343 -0.001713902014 0.01341634548)
(0.003558906886 -0.000360571466 0.01224197608)
(-0.0001281629657 0.001611201238 0.01624941343)
(0.0005178853965 0.002252411494 0.01342512627)
(0.001080672731 0.001126470837 0.01591361677)
(0.0002915246879 0.001856755519 0.01481030883)
(0.001765958149 0.001316757244 0.0140739314)
(0.001247001132 0.002442502446 0.01226045546)
(0.002475120923 0.001607307868 0.0122566416)
(1.303228421e-05 0.0003053742862 0.02033062141)
(0.0003804196806 0.005415178286 -0.01172719988)
(0.000137036108 0.00438089414 -0.0116956591)
(0.0003450722673 0.004350840993 -0.008865609365)
(0.0007138232311 0.005339649997 -0.008897538086)
(0.001046209476 0.005098452425 -0.006081474262)
(-0.000134781986 0.007051947323 -0.02156547667)
(0.0007132075879 0.007715461019 -0.02032271776)
(5.663933266e-05 0.006936583758 -0.01998209061)
(0.0001475191255 0.006560021119 -0.01798849634)
(0.0004200476435 0.006522637341 -0.01609440248)
(0.0009804048618 0.007443755419 -0.01766376709)
(0.001276263782 0.007170534224 -0.01500814654)
(0.0009698617215 0.008543209884 -0.02615507218)
(0.002412943085 0.008688618816 -0.02564383092)
(0.002891695705 0.008463851759 -0.02299025238)
(0.001303852593 0.008498589873 -0.02449792233)
(0.002517746089 0.008853713102 -0.03085689692)
(0.003433470432 0.008353433657 -0.03089205961)
(0.003082940365 0.008570132865 -0.02964489911)
(0.003850043723 0.002435314904 -0.02022988746)
(0.002741283347 0.002081576631 -0.02022605482)
(0.003867604837 0.001974986481 -0.0174581187)
(0.002734706979 0.001713387883 -0.01746347603)
(0.00388029529 0.001548002325 -0.01468099889)
(0.004936245297 0.004776648445 -0.02567107258)
(0.004372072799 0.003668239426 -0.02560203425)
(0.00512501917 0.004600626824 -0.02302244537)
(0.004156254187 0.007680940837 -0.03010415382)
(0.004290940672 0.007578852761 -0.02836139673)
(0.004597634657 0.006904771328 -0.03097294146)
(0.004699360718 0.005668555735 -0.03095497953)
(0.004786076117 0.006289249127 -0.02994959247)
(0.001648319265 0.001597945231 -0.01185540748)
(0.000801275936 0.002334291453 -0.01178861529)
(0.0007492833763 0.002274092802 -0.009226010479)
(0.000273071824 0.003323526385 -0.01169835302)
(0.001620271632 0.001367457029 -0.009052648735)
(0.001650471226 0.001144428596 -0.00625006177)
(0.0008081282615 0.002125474335 -0.007716161186)
(0.0003252003555 0.003291168955 -0.008854142439)
(0.000536534853 0.003131835225 -0.006024784673)
(-0.001412782597 0.002556786862 0.008139258701)
(-0.000877930659 0.002728613206 0.01013491154)
(-0.002681297253 0.0001635413225 0.008183486853)
(-0.002191481194 0.001364803456 0.007778037)
(-0.002402335137 0.001232857541 0.009656839165)
(-0.001449193911 0.002079197781 0.0007834585289)
(-0.001025240625 0.003322282406 0.000566059581)
(-0.001719578433 0.002002936814 0.002129006294)
(-0.001469369826 0.002831360237 0.003366713704)
(-0.001735470257 0.002114865624 0.006140984883)
(-0.00168057089 -0.001383866063 0.005089624774)
(-0.002362579515 0.0005734752414 0.006805694794)
(-0.00195838154 0.001269765196 0.004535003822)
(-0.002084886816 -5.344371132e-05 0.00493625028)
(-0.0009942120404 -0.003172862373 0.008176828159)
(7.7412872e-05 -0.003305369076 0.006570903115)
(-0.0004215708855 -0.003640096259 0.009330124626)
(-0.001340114489 -0.002527677171 0.006935489962)
(-0.002340240038 -0.001210087463 0.007111892285)
(-0.002051699671 -0.002556332779 0.00957754527)
(-0.002782643379 -0.001523756108 0.01093641649)
(-0.002881666766 -0.0007335372458 0.009659855047)
(-0.000643068545 0.00176546525 -0.00052770402)
(-0.001042243066 -0.001451234809 0.003057297058)
(-0.001431355637 0.000976715436 0.001145835084)
(-0.00175312306 0.000278516013 0.003013812829)
(-0.001073890062 3.083305322e-05 0.001240131516)
(-0.0006422458698 -0.000871315603 0.001417815346)
(-1.244386e-06 -5.995821e-06 -1.5527965e-05)
(-0.0003478041095 -0.003134016061 0.01633517083)
(0.002500289787 -0.002733887194 0.01224039138)
(0.001067883498 -0.003496496361 0.01225082022)
(0.001748110355 -0.002679845852 0.01409797224)
(0.001038229817 -0.002559381873 0.01597085747)
(0.001154584839 -0.003239220598 0.01334333701)
(8.073241943e-05 -0.003455471052 0.01320223302)
(0.0001550820395 -0.003216215289 0.01478386462)
(-0.0001402012324 -0.001373538646 0.02098985134)
(0.0003118293648 -0.0005011069806 0.02026731194)
(0.0006660525876 -0.0015681198 0.01891465486)
(0.001451653987 -0.00065015362 0.01759771789)
(-0.0005528896275 0.001018856856 0.02023692704)
(0.000400008865 0.001002075081 0.01776078448)
(-0.00147582013 0.001579963999 0.02007117248)
(-0.000164667149 0.002637617714 0.01207360719)
(-0.001123020763 0.001642224821 0.01574324963)
(-0.0005762488674 0.002154731473 0.01392804586)
(-0.002010226003 0.001665504358 0.01225643655)
(-0.001509799473 0.001928514919 0.01337192298)
(-0.002058093744 0.001147932233 0.01518155499)
(-0.002503294221 0.000850106638 0.0135747184)
(-0.0008004685807 -0.0003044290768 0.02294499637)
(-0.001499892126 0.001004863466 0.02271185519)
(-0.003062340658 -0.000372603863 0.02219103901)
(-0.0004432064144 0.005818647353 -0.02018166178)
(-0.0004837083673 0.004719420068 -0.02017954462)
(-0.000221831017 0.004510385615 -0.01763198263)
(-0.0001447877824 0.005635095478 -0.0173757553)
(0.000105500854 0.005479382069 -0.01456344902)
(-0.0001213087539 0.004481362798 -0.01594374075)
(-0.0007755472153 0.006839976405 -0.02557138746)
(-0.0003417666354 0.007026694273 -0.02298516316)
(-7.035545738e-05 0.007853100007 -0.02560403521)
(0.00042692564 0.007903748989 -0.02298600428)
(-0.0005256585174 0.008108472409 -0.03094353109)
(0.001889229165 0.008856942158 -0.02829400165)
(0.001619382433 0.008944026046 -0.03007037173)
(0.0002200603297 0.008563564193 -0.030053108)
(-6.029020338e-05 0.008533264265 -0.03185038103)
(0.002863855594 0.008729884203 -0.03185038103)
(0.001373916016 0.009027519793 -0.03185038103)
(0.004674056968 0.006273960526 -0.03185038103)
(0.004053385736 0.007764318369 -0.03185038103)
(-0.0003124645068 0.004742246636 -0.03185038103)
(0.0002125869994 0.007167480374 -0.03185038103)
(0.001300544418 0.004047955613 -0.03185038103)
(0.001964709273 0.007311224222 -0.03185038103)
(0.0004854642788 0.005801696489 -0.03185038103)
(0.002874685575 0.005642205237 -0.03185038103)
(0.0004724691915 0.002926740481 -0.02154410736)
(-0.0001204151111 0.003681761721 -0.02017190733)
(0.0005190229764 0.002838134855 -0.01991115283)
(0.00164335086 0.001790264109 -0.01466110377)
(0.001584063282 0.002214157903 -0.0201912258)
(0.001597027717 0.001955019909 -0.01742935999)
(0.0006885585772 0.002597905405 -0.01739687213)
(7.695998803e-05 0.003529469067 -0.01735894375)
(0.000204163697 0.003375803978 -0.01454191737)
(0.003466251174 0.002838302828 -0.02546240777)
(0.003826460362 0.002775956185 -0.0230175763)
(0.002462314535 0.002461975946 -0.02509282721)
(0.00471509055 0.004868924959 -0.02832230082)
(0.003425601708 0.003382449255 -0.03185038103)
(0.004531395884 0.004800312555 -0.03008600656)
(0.004385561693 0.004672594134 -0.03185038103)
(0.003199793144 0.00318980658 -0.03080048827)
(0.003838770958 0.0035799932 -0.02953447065)
(0.004025473163 0.003907501914 -0.03084618925)
(-0.002831554642 -0.0003705936451 0.01486664924)
(-0.002880468624 -0.000245821116 0.01226422832)
(-0.001063896694 -0.003108671731 0.01396564331)
(-0.002328852127 -0.00232832702 0.01223214214)
(-0.00053530355 -0.003538766516 0.01213078606)
(-0.001588435054 -0.002940912625 0.01584167434)
(-0.002532177547 -0.002522154919 0.0166727891)
(-0.002687221372 -0.001431809204 0.01358294545)
(-0.00258767582 -0.001903005542 0.01530454562)
(-0.001926705246 -0.002623971391 0.01340869156)
(-0.001398574943 -0.001838363924 0.02274562758)
(-0.001753884902 -0.002798622892 0.02080266665)
(-0.0004838615868 -0.002223287297 0.02032416177)
(-0.00124434462 -0.002999650378 0.01913963497)
(0.000369062847 -0.002468457517 0.01786027173)
(-0.00177065437 0.001476836115 0.01758572177)
(-0.002552567357 0.001617390441 0.01984331236)
(-0.003230555755 0.001648521968 0.02213496731)
(-0.004487106214 0.001029719937 0.02171611716)
(-0.003618677174 0.0008880728812 0.01919174105)
(-0.003728663435 0.001308466211 0.02067556128)
(-0.00443021436 0.0006097374444 0.0204870089)
(-0.005091214678 -0.0002724362076 0.02151474767)
(-0.004409436363 -0.0003962204474 0.01941456516)
(-0.003614660326 -0.00047521249 0.01734852931)
(-0.003314503371 -0.001942755722 0.01743808899)
(-0.002196842838 -0.002929056154 0.01770315483)
(-0.002822283172 -0.002835416108 0.01989674801)
(-0.004626993906 -0.001722874281 0.02166948793)
(-0.00336391906 -0.002525832786 0.02209051288)
(-0.004682175989 -0.001229910206 0.02036162139)
(-0.003331659109 -0.00234579351 0.01852108048)
(-0.003909578624 -0.001651105817 0.01863306599)
(-0.003954191762 -0.002216508337 0.02024139054)
(-0.0008724124003 0.004518900629 -0.02547055383)
(-0.001053882666 0.00563884593 -0.02553891562)
(-0.00075146124 0.005931089025 -0.02298939487)
(-0.001104615393 0.007439597656 -0.03185038103)
(-0.001584574049 0.006008464244 -0.03185038103)
(-0.0008433790484 0.00758142564 -0.03003461214)
(-0.000552171593 0.007711036708 -0.02822243044)
(-0.001521364907 0.005700088223 -0.03079356342)
(-0.001357261378 0.006718521953 -0.03083052229)
(-0.001345386674 0.006359160675 -0.02950860156)
(0.001916604594 0.002796543069 -0.03185038103)
(0.001407564028 0.002719267992 -0.03028410465)
(0.002486695501 0.002840962103 -0.02987824731)
(0.001570142601 0.002675944359 -0.02834379812)
(0.003008590779 0.002873649101 -0.02789286216)
(-0.001346132661 0.004524993023 -0.03185038103)
(-0.0004176245205 0.003328123814 -0.03185038103)
(0.0009781042845 0.002754348817 -0.03185038103)
(-0.0006536107033 0.003610636 -0.03040081435)
(0.0003670638774 0.002937305191 -0.02978743829)
(-0.001366467324 0.004881409963 -0.02996549686)
(-0.0007996714841 0.003893167792 -0.02906603982)
(-0.001266622122 0.005257080047 -0.02808703173)
(0.0005064476289 0.002942939328 -0.02297138324)
(0.0007193563119 0.002799322324 -0.02372298439)
(0.001547737309 0.002434851123 -0.02295596784)
(-0.000298083508 0.003780355625 -0.02298814327)
(0.0003945411169 0.003001708736 -0.02466342672)
(0.001396762754 0.002505952226 -0.02472609788)
(0.001253064991 0.002589888989 -0.0264959617)
(-0.0002634551951 0.003562303735 -0.02535595449)
(0.0004793917369 0.002894796647 -0.02608936615)
(-0.000123033262 0.003278548908 -0.02771233862)
)


// ************************************************************************* //
