/*--------------------------------*- C++ -*----------------------------------*\
| =========                 |                                                 |
| \\      /  F ield         | OpenFOAM: The Open Source CFD Toolbox           |
|  \\    /   O peration     | Version:  2.4.0                                 |
|   \\  /    A nd           | Web:      www.OpenFOAM.org                      |
|    \\/     M anipulation  |                                                 |
\*---------------------------------------------------------------------------*/
FoamFile
{
    version     2.0;
    format      ascii;
    class       labelList;
    note        "nPoints:1058  nCells:479  nFaces:1966  nInternalFaces:906";
    location    "constant/polyMesh";
    object      owner;
}
// * * * * * * * * * * * * * * * * * * * * * * * * * * * * * * * * * * * * * //


1966
(
0
0
0
0
1
1
1
2
2
2
2
3
3
3
4
4
4
4
5
5
5
6
6
6
6
7
7
7
8
8
8
8
9
9
9
10
10
10
10
11
11
11
12
12
12
12
13
13
13
14
14
15
15
15
16
16
16
17
17
18
18
18
19
19
20
20
20
21
21
21
21
22
22
22
23
23
23
23
24
24
24
25
25
26
26
26
27
27
27
28
28
29
29
29
29
30
30
30
31
31
31
31
32
32
33
34
34
35
35
35
36
36
36
37
37
38
38
38
38
39
39
39
40
40
41
41
42
43
43
43
43
44
44
44
45
45
46
46
46
47
47
47
48
48
49
49
49
50
50
50
51
52
52
53
53
54
54
54
55
55
56
56
57
58
58
59
60
61
61
62
62
63
64
65
66
66
66
67
68
69
69
69
69
70
70
71
71
71
72
72
73
73
73
74
74
75
75
75
76
76
77
77
77
78
78
79
79
79
80
80
81
81
81
82
82
83
83
83
84
84
85
85
85
86
86
87
87
87
88
88
88
89
89
90
90
90
91
91
92
92
93
93
94
94
95
95
96
96
97
97
98
98
99
99
100
100
101
101
102
102
103
103
104
104
105
106
106
106
107
107
108
108
109
109
109
110
110
111
111
111
112
112
113
113
114
114
115
115
116
116
117
117
118
118
119
119
120
120
121
121
122
122
123
123
124
124
125
125
126
126
127
128
128
129
129
130
130
131
131
132
132
133
133
134
134
135
135
136
136
137
137
138
138
139
139
140
140
140
141
141
142
142
143
143
144
144
145
145
146
146
146
147
147
148
148
149
149
150
150
151
151
151
152
152
153
153
154
154
155
155
156
156
157
157
158
158
159
159
160
160
161
161
162
162
163
163
164
164
165
165
166
166
167
167
168
168
169
169
170
170
171
171
172
172
173
173
174
174
174
175
175
176
176
177
177
178
178
179
179
180
180
181
181
182
182
183
183
184
184
185
185
186
186
187
187
188
188
189
189
190
190
191
191
192
192
192
193
193
194
194
195
195
196
196
197
197
198
198
199
199
199
200
200
201
201
202
202
203
203
204
204
205
205
206
206
207
207
208
208
209
209
210
210
211
211
212
212
213
213
214
214
215
215
216
216
217
217
218
218
219
219
220
220
221
221
222
222
223
223
224
224
224
225
225
226
226
227
227
228
228
229
229
230
230
231
231
231
232
232
233
233
234
234
235
235
236
236
237
237
238
238
239
239
240
240
241
241
242
242
243
244
244
245
245
245
246
246
247
247
248
248
249
249
250
250
251
251
252
252
253
253
254
254
255
255
256
256
257
257
258
258
259
259
260
260
261
261
261
262
262
263
263
264
264
265
265
266
266
267
267
268
268
269
269
269
270
270
271
271
272
272
273
273
274
274
275
275
276
276
277
277
278
278
279
279
280
280
281
281
282
282
283
283
284
284
285
285
286
286
287
287
288
288
289
289
290
290
291
291
292
292
293
293
294
294
295
295
296
296
296
297
297
298
298
299
299
300
300
301
301
302
302
303
303
304
304
305
305
306
306
307
307
308
308
309
309
310
310
311
311
312
312
313
313
314
314
315
315
316
316
317
317
318
318
319
319
320
320
321
321
322
322
323
323
324
324
325
325
325
326
326
327
327
327
328
329
329
330
331
331
332
332
333
333
334
334
335
335
336
337
337
338
338
339
340
340
341
341
342
342
343
343
344
344
345
345
346
346
347
347
348
349
349
350
351
352
353
353
354
354
355
355
356
357
358
358
359
360
360
361
361
363
363
364
365
365
366
366
367
368
368
369
369
370
371
371
372
373
373
374
374
375
375
376
377
377
378
378
379
379
380
381
381
382
383
384
385
386
387
388
389
390
391
392
393
394
395
396
397
398
399
400
401
402
403
404
405
406
407
408
409
410
411
412
413
414
415
416
417
418
419
420
421
422
423
424
425
426
427
428
429
430
431
432
433
434
435
436
437
438
439
440
441
442
443
444
445
446
447
448
449
450
451
452
453
454
455
456
457
458
459
461
461
462
463
464
465
466
467
468
469
470
471
472
473
475
420
449
421
422
423
424
425
426
427
428
429
430
431
432
433
434
435
436
437
438
439
440
441
442
443
444
445
446
447
448
460
449
459
458
457
456
455
454
453
452
451
450
469
470
471
472
473
474
19
18
468
461
462
463
464
465
466
467
475
476
409
420
419
418
417
416
415
414
413
412
411
410
43
1
65
67
60
69
71
73
75
77
79
88
63
68
85
70
72
74
76
78
90
80
82
91
84
35
86
95
96
89
97
49
98
99
52
100
101
36
104
92
110
93
112
113
109
111
46
114
115
116
5
117
14
118
119
120
107
121
122
4
123
106
124
125
87
108
460
126
139
143
144
145
449
40
147
148
140
149
420
142
150
152
153
154
146
155
156
157
158
409
159
151
160
161
162
163
166
137
136
135
134
133
167
132
131
130
129
128
168
169
170
8
171
172
9
138
173
175
176
57
177
178
174
179
478
382
29
383
477
384
385
386
38
387
388
389
390
391
193
56
392
194
393
195
394
196
395
48
3
47
197
44
396
45
198
58
397
59
398
200
399
400
401
204
402
243
242
205
241
240
239
403
238
237
206
236
235
234
404
233
232
207
37
405
208
406
209
13
407
210
41
0
211
212
34
180
381
411
199
50
181
412
66
413
7
414
217
450
415
218
451
416
26
452
417
81
221
453
83
418
222
454
419
187
223
437
455
94
188
6
438
456
189
457
225
190
458
226
191
459
227
228
229
230
39
421
422
423
51
424
16
425
426
427
231
224
428
102
429
103
408
53
430
192
410
431
432
433
434
435
436
439
440
441
462
469
442
463
470
15
443
464
471
468
444
465
42
472
466
473
467
474
447
461
448
141
19
18
475
476
164
165
445
446
17
54
61
62
2
316
326
315
311
310
329
330
306
307
182
183
203
127
332
334
11
201
32
10
270
27
271
215
219
28
216
220
30
105
336
31
275
12
276
277
33
278
337
338
279
280
281
213
186
214
282
184
283
341
185
284
285
245
342
55
288
289
22
259
258
343
358
257
256
255
348
254
253
292
359
252
251
250
347
249
248
293
247
246
344
346
21
349
294
345
360
295
361
362
297
352
298
260
299
363
300
364
301
302
303
304
325
64
365
313
262
202
263
368
264
369
265
372
266
370
267
268
374
375
376
261
312
314
328
318
317
331
319
309
308
320
323
335
339
244
356
305
340
274
24
269
272
355
321
322
351
296
286
366
290
287
291
333
367
354
371
357
324
25
373
23
350
377
380
378
379
20
327
273
353
477
478
471
460
0
1
2
3
409
18
19
4
5
6
7
463
464
8
420
472
470
9
14
10
449
11
34
13
60
440
441
12
15
17
16
68
33
469
61
20
26
35
28
65
37
21
63
22
30
32
27
25
64
24
23
42
31
36
105
54
62
29
66
350
49
351
70
58
40
67
39
38
41
46
43
87
88
44
45
127
52
92
53
69
47
48
56
59
55
51
50
57
180
115
116
71
72
474
94
89
73
74
75
76
77
78
79
473
80
141
140
81
82
117
83
155
84
95
96
85
86
97
98
156
99
100
128
90
101
91
102
93
103
104
187
118
106
107
119
120
109
121
108
142
110
157
186
122
112
154
451
452
113
453
123
454
455
456
457
114
458
459
124
160
439
111
125
468
442
465
475
161
159
139
462
126
158
129
130
333
131
132
133
181
134
243
381
382
135
383
384
385
386
136
387
388
389
390
391
137
392
393
394
395
396
397
437
398
436
399
435
138
400
434
401
433
402
432
403
431
404
430
405
429
406
428
407
427
426
425
408
424
423
422
143
244
153
162
144
450
145
147
152
148
185
149
150
146
410
411
357
412
413
414
415
416
417
418
362
419
151
349
163
356
326
421
245
246
164
165
247
166
330
176
167
177
168
178
169
170
175
171
172
438
306
173
182
179
352
313
318
174
183
184
188
189
443
190
444
191
445
467
446
193
447
194
448
195
466
196
197
198
200
201
476
192
461
202
203
204
205
206
207
208
209
199
210
211
212
213
348
214
334
215
233
316
234
235
236
237
216
238
317
239
240
241
248
242
217
337
218
219
220
221
222
223
232
328
225
226
227
228
359
336
229
370
329
230
327
364
367
378
224
377
231
261
262
263
264
265
266
267
268
270
271
272
273
332
274
249
250
251
252
253
275
254
255
256
257
258
259
276
260
277
278
279
280
281
282
315
283
269
284
307
285
308
286
309
287
310
288
311
289
312
290
291
292
293
294
319
295
320
321
297
322
298
323
299
300
301
302
303
365
304
354
361
305
296
374
373
324
314
325
331
340
341
342
343
344
345
346
347
335
339
338
353
355
358
360
363
366
371
368
369
372
375
376
380
379
409
460
408
407
406
405
404
403
402
401
400
399
398
397
396
395
394
393
392
391
390
389
388
387
386
385
384
383
382
381
)


// ************************************************************************* //
