/*--------------------------------*- C++ -*----------------------------------*\\
| =========                 |                                                 |
| \\      /  F ield         | OpenFOAM: The Open Source CFD Toolbox           |
|  \\    /   O peration     | Version:  v1706                                 |
|   \\  /    A nd           | Web:      www.OpenFOAM.com                      |
|    \\/     M anipulation  |                                                 |
\\*---------------------------------------------------------------------------*/
FoamFile
{
    version     2.0;
    format      ascii;
    class       volScalarField;
    location    "3";
    object      p;
}
// * * * * * * * * * * * * * * * * * * * * * * * * * * * * * * * * * * * * * //

dimensions      [1 -1 -2 0 0 0 0]


internalField   nonuniform List<scalar>
7155
(
13.4972
15.2639
18.2439
15.4845
31.4657
28.558
33.5741
31.7358
36.592
33.7591
28.5219
23.9745
27.4028
29.1354
28.7307
32.696
32.5981
26.0822
23.9125
26.4771
26.5196
30.9449
30.7971
44.1948
47.3972
42.6616
39.5933
40.7978
19.3351
20.9466
18.9162
18.5531
16.8602
15.989
12.5059
12.2669
12.0127
11.4704
11.69
30.4148
30.3253
28.2409
27.9748
30.4071
29.9138
29.568
29.8966
29.9043
27.8643
26.2319
30.8734
40.0984
38.1274
38.4469
40.0496
35.4738
36.1119
28.7942
30.298
14.236
13.8117
13.8056
13.5447
15.2952
14.1601
14.9406
14.3865
15.2665
16.9398
16.9193
15.9125
14.8764
17.7145
16.0036
12.8997
13.0423
15.3202
32.1883
38.1507
33.0333
38.558
33.6222
39.318
30.4772
41.1343
44.9391
41.7313
41.8732
44.02
34.4937
25.9345
24.2317
27.1382
26.1639
21.5147
23.2583
21.4609
16.3899
16.5438
14.4859
13.9103
15.2642
39.4901
40.9109
36.3629
40.4018
37.3411
33.8164
36.4052
15.6215
18.7432
17.8194
23.7905
26.1936
27.9459
25.152
30.5441
29.71
33.1824
32.0828
13.6222
14.5137
13.3707
12.2446
12.7746
15.3518
14.902
17.4322
19.068
17.5735
18.0212
21.7613
22.4689
34.3081
33.0125
29.4635
27.8665
23.1733
25.0607
29.9069
35.4723
28.6654
28.0845
25.2204
23.7846
24.9276
19.3535
20.1347
19.4273
20.2495
18.389
17.4435
16.4354
18.3703
17.5805
16.4921
15.9137
13.1327
13.8287
12.8937
12.6417
11.8306
12.5535
15.2148
18.3169
39.1295
37.315
35.9343
34.1326
32.0582
33.6197
30.8491
27.6488
27.5087
37.1255
32.3889
35.2337
34.2442
34.7888
33.8222
32.7252
31.9654
33.008
33.7269
32.5655
20.9355
23.2369
20.7894
18.7142
12.8488
11.4189
13.0813
14.9203
14.8283
15.5978
12.2135
12.2637
10.4781
9.332
9.6973
9.9486
10.0942
11.3938
13.5832
41.8796
42.2836
36.0456
15.0304
15.2601
16.9184
18.1065
18.9597
17.5918
17.0457
30.4302
28.5326
25.6696
27.4872
10.826
11.1467
11.2873
11.6311
12.7019
11.7218
13.5092
12.4134
12.7558
7.9279
7.37
8.0348
8.8289
2.8741
2.6931
4.2876
3.6131
4.3494
3.5935
4.3194
4.7619
10.8094
11.1856
12.5135
12.2746
15.8467
17.2171
11.0571
13.4052
19.0386
18.9916
15.9073
19.782
17.3993
18.5606
19.8086
5.5055
5.629
4.6727
3.9559
4.1399
5.4372
5.2717
5.3627
3.1724
1.9213
0.16382
0.51895
23.877
24.2301
28.6804
28.2327
18.5441
18.7882
23.498
23.107
5.38
5.0584
4.8795
4.6974
5.6539
5.4343
5.037
4.8394
1.9534
4.3154
7.8511
4.5563
11.5288
12.2949
10.4754
9.6262
9.0372
9.6823
7.4609
8.0561
11.4482
11.7351
10.8737
17.9404
16.7051
20.7414
22.1085
9.3024
10.3478
9.6101
9.1173
30.4864
30.652
25.9053
25.2865
29.2519
26.8529
25.1114
23.0061
24.8976
23.0677
22.7169
22.7586
22.9792
24.4156
22.4035
24.7378
13.1963
12.5908
16.8593
17.2593
17.7773
17.7099
15.6593
15.3666
16.5242
15.9289
22.0029
22.6463
24.879
23.3901
19.7786
19.9776
22.2189
21.8974
19.1165
20.5228
23.0588
21.3283
12.9123
15.3859
16.852
15.0281
9.6713
10.8035
6.0706
5.9068
7.0855
7.1864
6.8147
2.7809
3.768
3.8258
4.7877
12.7623
14.1215
18.7552
18.3643
15.4661
-0.51994
-0.44826
0.89352
1.0893
20.2454
22.975
21.4568
18.4304
6.2806
6.3881
4.6207
5.0668
7.0295
6.3805
8.0108
7.8364
9.2799
8.0708
8.9723
9.8318
10.7452
4.2614
3.7238
0.75298
2.4896
1.596
3.1451
3.2767
1.8692
7.4567
7.5778
6.7255
5.8962
5.933
28.0397
27.9934
24.4765
24.4339
1.532
0.079734
3.2702
2.5035
5.4728
4.4939
6.2978
5.5081
8.5791
7.5804
8.1755
6.9644
7.6813
6.3569
8.6954
8.5961
9.3881
6.4868
7.3929
8.2474
6.3451
5.6917
7.2658
10.5871
10.1381
9.4917
9.3718
10.343
9.7614
9.4355
9.5867
4.3302
3.1693
6.6234
5.5444
20.6851
20.2543
23.1848
23.7772
3.2282
5.0001
4.9177
3.7236
3.7218
4.3751
5.0903
7.0887
8.1967
7.8774
8.8112
33.6201
32.2458
34.3441
33.0979
37.0249
33.1109
0.62609
1.4781
4.3451
4.3373
1.5836
16.3934
16.9525
16.7127
17.1382
15.054
15.7586
15.6421
15.5938
14.3369
10.8419
10.4205
8.8865
8.9135
10.9607
10.3028
12.6846
12.1783
12.7865
11.6418
13.1845
13.7327
12.8836
11.7293
4.7029
4.9725
4.9132
4.2999
4.027
4.5608
4.4051
3.8975
4.8062
21.2898
20.9404
23.1091
23.4014
11.41
14.7257
10.9813
14.1852
10.507
13.5601
8.9948
6.0682
5.9617
3.5363
7.9452
9.5934
9.3622
8.0742
10.5435
31.5197
33.348
38.1677
36.1496
20.1267
20.5066
20.9911
21.1433
33.2886
33.7641
36.4721
37.2171
34.5619
28.6196
32.659
60.7638
62.9607
67.8612
66.7656
64.7109
23.8581
26.0259
23.4937
21.1945
21.0278
24.4452
25.0948
28.2453
28.5637
9.179
7.1371
7.6733
6.6262
7.0881
9.5117
11.5728
12.7885
11.3875
7.3639
8.5554
11.1156
11.3514
12.1369
12.4406
8.7248
23.0853
21.6287
22.5755
21.4316
22.4543
24.7245
25.1625
28.2753
26.5614
24.9349
11.2258
12.6605
14.2655
12.9543
33.7374
35.9927
30.9227
30.9735
27.7555
20.7139
22.3351
20.8767
25.0673
27.3898
20.7979
22.5851
22.0248
23.7072
13.1675
12.851
12.4591
12.1957
26.388
10.8387
10.3098
11.3917
10.9161
14.4472
12.9608
11.4664
12.7483
9.8403
9.4917
8.2712
13.7286
14.5892
12.5905
13.553
30.7393
27.3576
9.9899
11.2497
28.7318
17.8169
12.2884
12.3477
12.4717
12.1834
12.1992
10.1364
10.3292
9.756
10.8617
10.0358
19.5495
20.7881
19.3553
20.8858
7.762
7.3484
7.4361
9.4111
8.1775
11.2716
9.7624
10.906
9.6112
10.9383
14.1403
13.5564
28.8121
27.7545
26.6216
25.8274
17.5185
16.5283
17.4304
16.485
24.1684
21.7066
26.0731
23.3475
24.0874
30.5812
16.1585
14.5905
15.8611
16.6898
24.9914
27.5304
26.2904
29.3255
15.2251
14.971
16.5338
15.9781
14.4887
13.9785
21.9885
23.3301
12.5753
12.6595
15.7847
17.4101
18.2232
18.4764
30.9602
32.5718
29.2328
35.2589
31.7187
10.7113
10.7522
12.9343
13.3225
13.0607
13.9496
13.7253
16.9476
16.7259
17.555
17.0575
17.7215
16.6785
33.1196
32.2271
33.3991
32.5787
37.8034
36.9785
13.6597
12.9676
14.0731
11.1659
9.4251
12.199
9.8875
35.1047
34.612
32.6296
28.5735
29.1043
35.9728
37.9919
35.9626
37.7195
15.5157
-0.096655
7.1399
7.2807
7.1281
4.5396
6.2187
5.6322
5.9626
6.3143
10.7439
11.6544
6.8832
7.968
6.477
7.5358
11.7992
10.8725
11.6088
10.7711
8.3269
9.5536
5.7073
7.0591
4.7795
5.7681
7.1454
7.1285
6.4505
8.0074
7.4438
8.262
8.9837
8.2129
8.8395
10.8085
9.8187
10.148
9.1509
7.4441
9.6512
11.1207
12.3941
11.5771
10.8991
9.8282
11.5166
10.0795
27.252
26.6572
28.468
8.486
7.6401
9.1228
8.1769
7.2782
7.4728
7.0222
7.231
14.9751
14.0636
12.5448
11.8012
29.6026
29.5625
28.0924
5.8712
4.7294
6.3467
23.0595
20.459
19.7697
14.1772
13.9898
15.0393
9.7373
10.1976
7.804
7.8903
8.2406
7.973
9.5014
9.4381
9.0629
9.8126
9.4345
10.1448
12.6864
12.9152
14.1545
14.3996
5.7485
6.5012
6.1732
4.3438
3.8602
9.1554
6.9858
21.8651
22.1727
23.6167
24.2026
9.4754
6.7421
7.4393
3.0111
1.8082
0.33106
-0.58758
-0.10798
12.8796
14.6087
10.3523
12.3816
4.7947
4.9274
2.8557
2.8216
3.7015
3.7087
3.8785
10.6253
11.7081
13.2696
15.3115
14.9387
10.3636
9.8259
8.7205
8.5988
6.9475
6.3283
6.4853
5.3712
7.4001
6.2754
4.8968
8.7575
8.5348
9.3597
9.1621
9.5276
8.6075
8.3142
7.4407
8.0507
13.0924
13.3861
8.9948
10.3038
10.125
11.1428
18.8883
17.1123
18.7935
-0.20607
0.63551
16.1949
14.8072
14.9269
7.8988
6.7407
7.8921
6.3993
7.2021
6.4622
8.1856
9.8444
8.384
8.9524
7.8457
11.6922
7.4498
8.1126
22.9
23.3826
20.6604
40.1392
41.6663
38.6279
36.4801
40.9953
60.871
47.0057
48.7605
50.4179
52.3204
39.6128
35.0257
47.9625
40.4962
39.2511
42.4051
63.3123
43.8435
49.1982
45.3818
47.8327
37.5047
41.6953
55.2785
56.8926
58.8591
52.7613
53.7026
62.3107
64.371
27.4829
43.0697
47.2222
39.8039
58.0716
67.099
50.3021
17.5884
55.6126
66.5195
67.3251
55.2379
48.2608
54.9017
44.0902
43.0806
18.4755
43.5353
53.9138
50.2281
46.6513
37.9253
52.9185
18.3413
68.8531
28.3808
62.0644
69.254
37.3206
58.2528
42.0618
29.0442
29.9246
31.0658
63.4476
62.1235
35.1103
43.003
63.0754
58.4571
62.1884
24.7792
74.0522
21.2048
67.7521
61.9388
45.3376
50.6369
44.4337
55.7427
53.7121
45.1282
57.4031
68.3885
68.6393
46.1876
52.5033
48.7401
76.2709
41.4266
42.5384
34.2703
51.9684
76.0298
55.0454
48.1635
41.6183
32.1608
31.2892
63.8881
65.1239
29.0114
21.7707
18.7137
62.1419
62.1282
57.1749
56.9918
55.8933
33.9931
53.785
44.878
46.8552
38.2191
59.0094
64.3845
44.4062
45.886
16.9437
40.1201
46.3112
49.3876
58.2863
53.5839
57.0488
58.7082
67.5812
25.7403
55.761
60.8169
19.3906
22.8706
34.8914
49.4606
45.2314
50.3132
45.0426
50.9813
43.4016
54.7853
30.5325
29.9385
26.7747
69.2262
46.8526
34.377
39.2109
59.8419
39.2401
34.8149
23.8169
24.1885
43.3181
52.0298
40.1451
45.5353
37.9542
31.3834
41.9849
39.0858
59.5173
31.8527
42.0624
35.8439
30.1233
26.3916
31.3256
26.5973
28.7376
27.9679
35.7518
37.8921
32.2273
35.3247
37.1638
38.2438
59.9577
24.4498
27.1412
44.2013
37.9954
27.2852
43.4227
20.3074
72.9474
48.2483
49.5519
5.2484
1.7781
4.9585
4.1283
3.4079
10.5943
14.6574
11.3364
15.0032
13.7677
10.7258
13.1045
12.8949
13.0381
12.4593
8.6196
9.7891
11.7056
7.0691
7.0853
6.7508
7.5308
8.6239
7.7484
18.1925
6.0163
10.762
5.2442
1.8818
4.9696
4.2781
10.2343
12.6568
33.3882
31.5122
29.6853
4.6001
9.7401
8.4247
8.7791
8.5414
10.6943
16.6297
14.6226
12.5593
13.8629
15.3101
13.3433
11.2953
10.7259
12.4386
12.3964
22.9763
25.744
20.9235
19.8416
8.3192
15.9236
17.2816
14.7571
10.4714
2.5587
2.4307
3.127
2.3353
11.6408
17.1386
17.4422
19.7839
17.4092
4.0371
7.5692
5.622
6.0253
7.0578
16.0709
18.5769
18.02
11.7661
12.9233
8.536
9.8556
9.9471
11.4004
11.9989
5.2461
-1.9404
-1.3264
-0.10323
1.7426
3.6833
-0.025024
1.8747
8.2388
8.613
7.8714
28.5704
22.67
14.1887
25.6588
23.1219
9.4883
9.0373
9.8523
10.8464
9.2078
9.8265
11.6012
4.7274
3.8758
0.69122
-1.0948
2.2532
3.8583
3.6502
1.998
17.7509
13.1959
25.5123
24.4526
6.3178
-0.41315
3.0648
7.6104
6.699
6.0977
3.8626
3.6966
27.797
24.7247
21.3516
21.5987
20.7965
11.2022
2.7577
2.2465
1.7602
-0.20477
3.5919
2.2923
9.2771
14.1246
14.7461
8.9262
8.8285
9.951
11.6895
12.5462
8.2436
4.4659
8.9615
9.5202
7.7536
8.9478
6.6566
8.0992
27.2498
27.7114
5.8081
3.0979
7.1824
8.3546
6.4547
6.5346
5.5851
5.7782
8.2808
8.8075
13.2694
9.112
9.8467
8.8753
9.6621
11.0682
25.8111
7.7547
13.362
16.2369
17.141
11.385
14.4374
12.4788
15.5381
17.375
12.9325
16.1304
7.751
11.6318
14.9255
12.7553
16.1113
25.5465
21.9586
28.4514
33.6205
8.0161
7.8794
32.7474
31.9891
1.2173
3.0044
14.1701
16.0762
11.4389
13.2518
18.0337
22.8765
13.9396
17.8671
17.2458
17.8772
28.9101
22.6639
8.9439
7.8897
17.8743
20.735
18.0791
17.4178
18.0184
19.1513
15.0803
10.9907
10.2805
6.2233
11.9232
10.0502
11.676
9.8629
21.0283
21.5746
15.9748
24.1712
22.0011
21.9057
20.0041
19.6462
15.4263
11.9896
13.028
17.5158
8.5884
5.2672
10.0815
9.5772
12.8931
10.4726
10.7623
10.6231
10.3665
11.5945
11.409
-0.11505
-0.057814
0.25339
1.2136
-0.38709
12.9696
14.6659
15.3636
7.3719
-0.46915
2.9727
10.3137
12.5808
15.4405
11.5122
11.1074
12.0522
12.6147
13.2618
12.2729
2.0956
4.1277
4.297
6.7577
11.6826
2.676
3.8892
5.6839
4.8562
5.8964
5.2506
6.4562
3.3605
8.8824
7.2068
5.768
5.9828
12.1315
7.465
20.2388
20.3426
26.1409
23.0157
22.7734
22.5638
7.8585
7.9522
13.372
8.2587
8.0394
9.5582
9.5289
10.6699
24.9814
18.7465
23.3228
19.1797
21.5274
21.7287
21.3286
21.2828
14.686
20.7408
9.537
4.7047
9.1071
12.6674
16.4765
14.8797
17.463
14.2958
15.1224
14.5096
15.4079
8.7344
19.3809
38.4609
6.4586
8.0978
6.1232
8.2819
7.8693
6.7207
7.4256
6.7844
31.1194
28.6242
33.9239
36.9526
31.8347
35.066
30.7118
33.6001
29.641
26.0125
34.4646
30.5181
31.9679
29.7144
6.6512
15.6127
19.5863
17.3566
10.1428
14.2745
13.3923
16.6921
31.6375
29.344
12.4864
13.5972
27.8776
-0.20756
1.3714
-0.48273
2.0646
0.61232
6.7346
27.0654
16.5068
11.9134
12.3208
14.3569
25.3504
18.9545
21.9891
19.0999
23.4262
19.7199
21.5444
34.7708
9.2183
12.1795
9.8237
11.0998
30.4869
-1.0876
4.7986
3.9555
1.2958
5.7358
2.3939
5.4191
6.11
5.5026
6.1113
4.8668
5.2672
6.3432
4.6489
5.862
4.1831
5.7463
5.4698
6.4974
6.0237
32.7819
22.3463
29.5098
31.6413
7.7248
11.3752
5.5497
8.4825
8.8726
8.6306
11.973
3.526
9.8215
8.7445
8.1038
8.9653
9.7955
11.7572
13.065
10.2987
9.9028
6.535
6.3521
6.4947
11.7637
8.4303
11.1643
19.049
10.4393
13.513
24.6795
19.3031
28.0122
25.2209
23.8227
19.7004
2.7261
6.8635
4.141
5.7359
5.0696
1.8618
2.3666
-1.6782
0.76443
1.4592
2.699
3.0378
-0.29629
2.9086
2.7535
3.615
3.5938
4.1771
-1.6619
6.3847
-0.32634
2.3952
4.4023
3.5517
5.2009
4.5554
4.854
11.1701
7.595
7.5954
13.2659
11.5409
2.6443
2.1129
4.0027
8.8836
9.983
4.8351
33.0091
26.1899
7.984
0.88725
0.40055
0.1826
3.5563
3.4798
1.426
25.6029
12.8198
1.8603
1.4291
2.1944
2.3398
3.9394
7.5456
4.0824
8.9109
19.3374
22.2339
18.5985
13.2315
19.1566
17.169
6.7325
20.7477
21.4645
18.2201
12.5475
14.817
19.2611
25.4789
29.0932
17.324
22.5604
25.9127
25.8377
20.9434
23.5773
22.2444
24.6669
12.5405
11.1869
18.532
17.0999
25.6182
28.669
29.4072
32.1512
22.3378
25.715
26.7856
29.3007
28.5638
14.2114
14.0115
16.5329
22.4184
24.8893
22.3244
20.5026
22.9093
14.7372
24.3817
13.3508
14.3339
15.5032
17.4684
6.9073
9.1772
19.1235
32.7052
29.5799
24.6588
25.2928
21.2307
23.9964
25.7251
23.9358
25.9763
11.5305
4.7517
18.6778
6.8942
7.5633
12.4031
8.5857
13.5692
3.3633
-0.93698
-0.4976
-0.28377
0.23989
0.97196
2.3957
0.80832
16.8383
19.4783
19.6156
6.4408
6.507
8.2787
6.809
5.5987
6.8287
24.7306
23.8504
30.954
29.3418
11.6589
3.2587
3.8465
13.5346
11.4642
10.9045
7.0783
6.1735
2.8877
6.088
4.2691
5.5086
11.7536
12.0487
3.2018
8.2468
2.9731
9.1635
7.7678
7.6974
5.1868
5.2242
28.6726
21.7948
25.9398
28.2004
24.5941
22.2656
25.6285
28.3488
10.2857
7.7428
14.343
9.8079
11.1456
13.0653
14.1431
19.6888
6.2694
15.7085
15.8166
12.9455
14.5801
11.595
14.0102
20.0276
8.7375
14.0752
12.9328
13.0001
4.905
0.97572
1.1837
2.6485
3.8406
3.9863
2.6501
-1.4353
-1.2625
1.436
4.4418
1.7917
11.1072
14.6249
0.96045
2.9409
10.6319
6.2185
12.5289
9.5273
11.733
15.5605
11.3431
12.9331
21.9893
7.2389
7.4991
6.8787
6.2658
20.2007
25.6501
18.9681
21.549
26.5373
18.1305
17.324
15.1389
15.9547
15.4398
16.2473
13.0162
18.1687
23.487
25.0112
12.7361
17.5064
21.9434
17.3734
21.0999
16.4891
30.4556
37.5006
29.9784
28.4747
31.3458
29.0473
33.7743
31.285
0.9923
-1.1907
2.2415
5.1279
1.4302
4.1357
13.2503
2.6211
2.5071
2.293
5.6636
7.9558
5.6495
3.2724
5.2184
7.1161
5.0857
4.4972
4.5873
5.614
26.0676
8.5473
15.102
9.548
6.138
8.5504
8.0169
10.7433
10.1031
8.0195
6.4407
5.6386
5.2878
6.3898
22.6993
16.4942
14.9296
11.8961
14.2817
8.8942
9.5028
8.7951
6.5816
8.1225
7.4834
8.8368
7.8624
20.728
26.6588
23.0776
24.4404
9.5354
9.9896
3.6577
8.3347
9.9637
7.913
9.124
7.3212
12.5797
2.0374
2.0246
1.9382
7.2318
3.9921
3.5612
1.8211
24.9639
30.6741
27.633
2.3708
16.8433
4.4032
6.0121
5.046
11.7917
24.4644
13.0297
26.1272
22.9079
20.9742
24.4771
18.6069
22.5372
32.1971
26.2599
23.8458
23.227
10.0214
12.2735
11.1741
31.9147
10.1126
9.3701
13.4865
3.7559
3.0191
9.6056
9.2672
8.3125
28.2656
13.9501
23.3882
19.779
11.0117
15.1653
12.4846
20.1606
18.7815
5.3724
0.53492
4.1434
2.4995
7.5764
5.0225
5.4186
5.8937
5.5415
6.0428
16.405
19.5941
-4.8953
7.23
15.9644
10.4005
16.7862
10.3987
6.4867
6.401
0.31168
0.70375
5.9778
2.6699
6.0704
4.6616
19.1599
24.3456
21.8436
16.531
28.8344
31.2618
23.0454
20.4363
17.8333
22.2925
23.3134
21.1758
21.4821
20.1191
20.1317
17.0576
20.7252
10.4022
8.7594
4.0615
7.0717
7.7351
7.216
5.5918
6.841
24.4147
2.2698
5.8607
4.2775
6.0101
5.9027
6.0723
4.638
4.6705
3.0784
2.7722
6.8353
5.0405
4.2781
6.7172
9.3067
6.6984
0.96366
6.898
4.7432
4.5961
6.3696
4.17
5.9031
8.7086
13.7209
10.5618
11.0995
16.0027
10.4862
12.3328
6.4319
9.7487
11.0312
13.8974
11.9344
8.8525
13.9004
10.5229
-0.22791
-0.047023
-0.088545
1.0239
-0.44793
1.1709
6.3495
6.0297
10.5875
9.3846
6.8415
12.7303
15.7379
11.214
9.7702
11.467
11.9003
13.5026
28.518
22.4491
30.8436
25.8854
26.3606
24.6438
27.4493
28.9996
12.2325
7.3502
8.5609
7.4891
7.4652
7.9503
8.977
8.8998
22.3437
24.4891
26.979
30.4565
27.6939
25.346
23.8872
26.3147
18.7708
23.3159
28.5626
25.2433
19.0662
22.8013
16.5857
7.8954
6.3742
3.7923
15.1271
8.093
13.237
19.6341
17.6405
15.1898
17.0607
17.0971
16.275
9.0498
13.7541
16.7176
14.1642
13.9258
5.2194
1.5634
1.9612
7.4564
6.1204
5.4531
3.9527
3.5461
4.6618
14.3603
12.0023
7.547
17.7088
9.6778
23.6337
18.2365
10.823
21.3297
24.9728
18.3568
22.3535
15.5123
19.721
15.1551
10.4342
18.1783
5.4486
10.3435
9.628
14.9354
14.7848
8.5251
9.3321
13.3106
10.1435
9.093
10.5107
10.4322
11.6379
0.31362
-0.96143
-0.78148
0.38884
4.7529
3.0484
2.2752
7.3055
2.1686
5.6433
5.4818
3.5307
5.8068
3.9922
8.9373
7.7799
6.3893
6.6423
0.90747
0.85962
7.1747
4.4955
1.4437
2.9107
10.6971
8.6239
10.3487
10.6536
12.499
9.2448
10.7818
10.1511
10.5785
11.4381
10.1885
10.9379
5.0019
8.6361
7.2002
8.4504
36.0761
33.2979
38.9807
16.3636
13.6737
16.585
14.3702
14.7059
17.8858
14.7433
8.7786
9.88
7.0684
3.3796
9.0938
7.5595
7.5369
10.5339
11.1347
8.5365
5.7203
1.095
4.6403
4.5597
4.0939
-0.16104
-0.48323
4.295
2.9878
0.066041
1.1056
29.9611
20.9485
26.3192
24.4396
23.9404
3.4788
3.0728
7.6482
4.6207
4.4196
6.413
9.8476
11.1143
11.7213
12.808
2.72
4.0213
3.059
4.1696
3.85
5.2631
31.1417
9.6166
11.0949
10.7062
12.9994
11.7658
10.7929
11.531
10.5533
32.6909
36.3829
14.6977
6.0856
10.2498
10.8267
10.6791
9.0858
9.62
3.9737
8.3495
5.8131
10.596
10.0359
10.7556
11.0063
11.7072
12.0799
6.0148
4.0865
2.6128
2.3147
2.6883
2.6392
3.3016
2.645
4.1701
2.5695
3.023
4.8046
1.9461
2.3218
2.8533
3.3758
7.9325
9.995
4.9111
4.8118
4.2084
4.126
1.7498
0.57335
4.3404
3.8527
2.6893
2.7708
15.0047
12.0209
31.1306
34.2498
25.0012
25.1093
33.7828
5.5072
3.8441
10.1418
5.787
5.5605
5.5453
1.1546
1.3677
5.8789
5.1218
3.305
3.2004
-0.11515
-0.022067
4.7635
1.2151
3.2088
6.9337
3.6295
9.2828
9.1609
6.969
8.6783
6.4801
8.1148
8.8529
10.7233
10.7975
-0.039273
0.034969
0.060556
5.6984
4.1373
2.2839
0.5404
2.4055
9.1019
7.7557
14.8304
10.3393
8.6081
10.5845
9.2807
11.14
12.2849
16.6674
12.9092
15.4133
3.7147
8.5344
6.7582
6.0525
8.1426
6.7034
23.9542
23.867
24.2276
26.2888
39.9353
31.9173
9.5489
9.4727
39.6915
34.3144
39.6663
39.8226
35.9317
38.1403
16.3543
23.7819
25.6475
23.4788
12.3723
20.8247
31.6219
32.1366
31.1019
27.515
28.3015
17.1887
33.414
13.7325
15.941
14.0758
33.3454
39.5228
35.3611
27.2087
29.8565
30.1356
39.2409
37.6094
37.1905
18.5253
13.1184
13.8728
30.6463
27.7797
21.3241
13.8835
16.1356
12.9414
14.0417
13.6379
14.9639
14.9431
16.7359
12.9707
13.9208
37.0526
37.8979
43.5217
26.0471
21.8659
24.4805
42.3773
40.2977
41.4933
20.8189
19.8295
19.7139
19.617
19.4373
24.1587
20.2428
19.7048
19.992
26.6851
34.2757
29.5275
31.897
15.5223
15.7597
16.0256
15.1441
34.3791
36.9868
37.3256
44.044
42.5942
42.1989
19.0006
12.1325
10.9385
15.5394
21.583
24.3867
24.7259
25.5505
35.281
17.6628
16.8197
14.5147
15.0566
31.7352
38.5757
37.3747
39.3542
39.2702
30.3289
25.4227
35.4838
29.1453
36.5917
32.5519
31.8699
27.7776
28.419
12.6802
27.3979
31.8676
29.6055
17.883
35.1792
35.9105
14.9229
22.6164
18.6131
20.6341
22.1933
14.5686
12.8081
13.426
21.2701
41.7963
42.0452
25.6632
29.0743
28.9029
9.3481
8.2179
8.081
15.604
10.0944
10.9547
24.4162
25.419
12.9555
12.2444
32.663
31.454
26.1088
25.5057
17.1197
12.2139
28.0166
28.1183
11.0887
12.0064
20.3555
20.4436
30.4182
13.4262
13.7349
32.5621
31.725
9.8308
16.6787
16.9661
14.7356
15.6125
34.4947
11.4979
26.9739
25.231
16.3631
14.7068
25.3455
24.8693
26.4362
18.0658
19.8679
33.4597
32.0457
14.0154
14.1727
25.6103
175.4366
178.1704
185.8422
180.0009
180.6772
173.5842
304.7278
214.6639
436.3148
367.0164
180.1956
438.6828
163.4866
449.5571
101.1033
447.5983
454.7716
205.5591
210.7141
208.1885
209.3699
207.0162
209.6863
374.7886
377.7152
148.1187
151.2221
178.8572
354.3253
355.0194
127.9932
184.3631
360.0326
359.2849
385.2812
429.7744
433.2644
432.6971
417.0778
62.4267
201.1921
127.5303
206.9028
283.3771
455.4147
451.6667
460.9007
220.0031
216.3512
459.9801
207.1435
210.0311
438.4702
432.8302
440.4058
481.9597
435.1124
195.4324
195.6925
191.9847
194.0483
193.9599
195.8503
199.3958
202.2687
198.8562
177.4888
354.675
357.5607
341.5435
345.0842
206.6813
343.9547
346.5898
208.0967
159.652
429.5233
426.3872
171.2636
163.897
165.061
161.87
164.0432
162.5395
357.4837
347.4115
351.298
348.7837
358.8972
349.9331
191.2373
541.1668
541.8579
548.3099
166.7572
169.7738
189.6934
193.0065
186.4775
183.5431
187.6383
188.3658
178.5776
185.6198
191.8763
191.1047
190.7296
180.3883
179.3443
178.0802
220.6362
176.4673
182.47
203.8571
207.1473
376.742
120.2708
199.9175
202.2823
206.9185
203.807
203.9915
210.8456
203.0341
206.7904
200.3513
211.9126
183.6232
125.8531
193.6206
196.208
199.4198
207.0923
208.5425
209.7457
190.3814
196.8741
256.8889
254.1901
210.5918
210.7962
197.8374
194.029
206.2273
116.4273
197.8241
195.6912
120.2361
197.481
201.9368
162.3113
200.5395
201.6703
197.7547
189.4804
183.8805
185.5716
180.0284
177.2092
198.4935
180.1545
192.8178
198.4214
193.8998
184.5849
183.851
180.4393
193.0162
189.7672
180.8938
172.9595
175.7741
380.7694
384.9741
181.7166
176.0564
204.2805
179.5598
185.447
182.5292
199.3002
196.0301
551.75
538.2476
194.8666
203.7676
201.4064
199.1491
201.3754
193.3509
214.2392
201.7366
203.8046
199.629
174.0137
179.9181
205.3393
192.1747
170.3851
173.279
144.4973
146.7235
209.2435
183.5656
177.6199
212.8204
213.0211
88.4515
192.466
228.5961
199.164
460.1232
453.1323
454.0508
455.9971
137.4131
192.4888
135.1086
213.4523
215.3083
542.5324
191.4341
205.0565
189.0042
189.1541
249.5993
249.9027
262.1547
263.1467
320.2233
218.7644
284.8731
202.056
259.8077
263.0218
199.7071
547.6198
192.1814
299.9199
207.1401
260.9672
268.7627
175.8449
175.2413
200.4754
207.3326
182.6612
181.8586
179.765
187.3499
127.7609
180.887
188.5946
186.6549
267.8596
302.653
214.6774
99.3044
210.0275
204.767
222.8381
224.747
223.8429
225.9052
235.65
237.1637
230.3787
232.278
228.9401
80.7664
186.7237
229.6502
227.6077
266.5933
447.5491
300.2309
553.8006
203.9795
205.068
189.3173
189.1241
243.813
238.5946
239.1739
244.0761
202.7275
244.8489
248.7994
199.9155
94.7506
249.4179
251.4942
187.0189
185.6379
132.2649
457.4453
457.2089
454.7543
460.8215
453.8409
444.7747
450.0227
461.9093
167.0198
160.8206
289.2908
290.9751
189.6091
238.162
235.3774
219.1338
223.3508
227.8921
147.9377
149.4421
159.5057
150.8842
152.6936
153.6022
149.3718
157.1605
152.4534
154.1681
159.8349
159.391
241.0831
213.4732
538.0874
164.1912
116.1783
164.8113
161.698
163.6785
165.5636
165.3254
121.9392
89.4392
81.2545
83.7522
173.8897
176.8029
179.1044
181.5641
176.9472
160.839
181.2814
170.9321
206.6103
193.9509
181.7622
188.3213
179.1817
180.2429
176.9425
187.592
182.4389
94.9873
178.3349
191.0627
187.1693
180.4847
184.4569
161.7469
174.8528
226.415
146.6692
141.7045
170.4213
196.9682
202.4558
200.3089
465.5647
185.2682
176.5558
169.3066
192.2991
272.4428
192.8559
189.6231
202.8122
437.7673
157.2619
184.4695
184.9431
175.6156
209.4756
196.1378
185.4196
165.2052
138.3727
144.0038
433.5332
188.5869
140.4249
178.1737
165.9765
225.1335
225.9437
160.1395
217.6087
169.2825
189.7048
161.4336
231.7738
220.7028
233.4859
224.0094
119.1356
168.7791
164.1371
131.5085
176.8751
93.062
193.4541
195.1424
209.7169
163.5388
163.2576
178.6789
178.137
173.4859
181.6916
194.0266
185.6381
310.5089
191.9998
191.2892
172.2985
194.1101
202.6645
201.9991
173.9113
157.6034
125.6888
150.2001
134.6472
423.8662
223.1873
223.8487
219.8464
220.1866
192.0832
182.2927
204.0769
196.6074
186.6242
210.8057
207.8266
259.2297
203.2878
198.974
190.2855
467.0564
192.3813
185.8509
201.0726
256.9435
257.3765
198.0471
200.0607
259.0386
261.0575
260.1473
206.5234
203.8306
191.4315
200.5294
272.4746
141.0621
346.0729
174.6976
275.8354
345.3738
340.5333
186.8978
185.3137
179.2764
213.7652
257.6991
258.5554
180.9347
214.0867
268.6923
191.2668
146.2138
176.9227
442.1177
385.5893
154.8186
201.5437
284.4648
273.4809
212.1806
216.2812
213.3826
189.8139
213.8809
214.3568
193.9853
227.1829
339.4986
278.78
207.494
177.3894
169.6969
550.9275
192.0225
192.5743
175.8982
210.4293
178.4826
208.3159
190.1273
193.5042
195.5268
553.9897
209.7827
205.7844
218.3139
269.3235
261.7386
260.2324
267.0261
267.5218
263.8559
266.5633
266.9521
260.8876
169.3284
144.3664
223.4499
188.2537
187.8797
254.3076
186.0936
187.9076
189.4729
178.5891
167.0003
186.9612
189.9926
189.2237
175.3215
187.3035
213.3773
183.9397
185.3708
275.3674
273.0759
283.0846
209.0075
299.6329
185.8049
243.8999
467.3007
184.1432
234.985
327.7622
171.0341
199.0886
301.4964
433.4348
427.4544
428.7146
436.0448
202.4425
440.323
428.386
434.9636
205.664
438.9457
427.9386
101.1776
137.2914
137.388
138.4842
100.9649
162.6568
185.8353
304.6031
360.7725
442.0699
492.4961
489.5741
321.4446
325.7665
318.7203
315.1251
200.8142
201.2123
221.6314
217.3371
186.3338
232.9003
174.1287
194.6307
191.4984
248.1309
249.6537
245.9582
224.5137
192.5903
83.0295
82.8243
186.1394
181.3508
250.2157
209.6742
244.6652
169.1745
483.8456
69.7236
176.4408
80.043
80.6639
171.0719
215.568
165.7868
473.4383
479.9965
169.9116
171.6889
162.7949
167.6665
480.4854
479.2641
360.6025
211.3851
479.0686
476.4726
472.5805
468.9999
237.2826
162.8815
198.2097
373.0142
162.1134
170.3173
199.6748
186.2864
191.0674
213.7906
468.8079
191.5774
185.8015
188.2356
308.003
222.1813
200.7942
288.0079
189.1667
168.6478
223.0291
192.0894
184.0353
182.5823
208.7539
176.3089
187.4364
115.3418
173.7874
156.7509
228.9018
177.7386
164.3874
181.7294
177.0415
109.6854
223.4052
155.5299
155.185
160.7622
167.8605
181.3316
262.6778
209.1699
417.8738
196.3523
156.1739
159.5701
483.5267
180.6391
193.0988
168.314
365.1348
173.42
196.5456
179.9691
218.7236
187.1979
168.8056
185.0424
473.2765
168.0472
225.4773
170.0284
231.5999
170.994
226.6272
175.5705
143.404
183.3741
197.1918
216.9781
215.7232
215.289
212.0833
209.0472
201.3054
133.573
223.1257
211.1813
185.9622
179.4041
161.5662
160.0313
166.0802
161.5346
165.3306
193.4294
186.5563
182.1157
181.7033
164.5587
162.5632
273.4082
206.1163
179.154
199.2146
196.8939
157.6162
136.8073
135.1602
152.6779
165.3942
304.3896
101.9832
107.9432
162.6022
150.8703
187.9723
132.6669
169.4467
183.0768
186.954
181.8996
230.2278
165.103
443.4348
138.4995
147.3089
169.2064
176.3055
175.6469
175.6385
251.9606
102.541
163.4228
108.5746
196.7384
179.8173
199.5925
214.0049
140.5912
186.4511
158.4358
156.9746
151.9915
191.7794
181.644
159.9543
243.0088
185.4622
190.1729
179.1182
301.7029
179.2625
235.1884
289.5994
179.3767
179.703
181.2891
194.0503
181.5103
179.1684
173.1136
371.8837
210.8757
290.224
195.1932
208.308
161.3412
185.6699
221.9439
195.4971
199.4048
183.6373
137.8246
278.2391
217.4495
209.7729
195.2928
248.8558
175.3044
194.5827
223.9626
169.5362
441.0766
456.0934
445.6376
187.1598
183.8222
191.4481
174.698
183.1355
258.1936
187.4447
259.7522
243.57
260.059
256.8119
256.4282
263.9818
184.0222
421.5376
185.994
263.7938
171.6898
183.8989
222.657
235.5366
456.9793
189.5311
186.9454
185.8883
80.6733
238.0245
184.6083
183.6484
435.8158
275.9749
293.7579
273.1288
193.7343
177.9381
135.0662
270.7299
277.0294
270.6691
269.4493
273.3107
257.7993
256.5026
255.4692
258.3825
408.1176
413.9004
418.0554
351.9398
421.5518
422.309
419.9664
417.1765
413.6447
411.0647
416.8543
265.5714
263.3615
290.9029
348.1492
223.6548
181.2586
367.9541
180.2245
364.9225
188.9279
86.5366
92.0584
94.0443
88.603
84.2426
88.0633
203.588
119.2426
164.9871
158.0145
145.6806
208.7544
164.1609
193.9232
486.9312
193.5849
178.4619
177.4076
197.6764
168.0136
170.7964
233.3602
219.6783
448.4695
165.2567
166.0166
212.626
164.2268
159.7227
96.2215
95.3758
175.1915
165.4543
164.884
238.2205
206.7563
211.9068
201.0891
272.1413
218.9504
222.5765
144.2278
206.1311
178.5195
467.9677
212.7621
186.6416
207.7778
314.7219
308.9485
305.3037
302.3088
189.5911
186.9007
305.8474
310.7409
220.2353
169.6999
192.6008
170.9534
224.9525
174.2169
205.2812
196.2966
265.4046
283.502
275.7374
237.0267
532.8606
539.6528
225.1278
235.1538
262.9966
435.7666
219.7762
264.3694
79.748
243.0688
246.8279
191.0363
537.3628
238.0451
183.7102
89.6591
53.7932
279.9028
272.5263
171.3411
274.546
194.6971
187.3274
265.1157
300.5862
300.9146
302.2381
302.6619
192.1319
194.3581
196.9947
161.3365
185.0581
177.551
259.2393
292.4704
291.275
275.6924
276.2565
267.5658
265.9921
282.5459
268.61
258.672
191.0161
270.9419
269.4884
290.0093
259.5101
263.0964
285.4287
275.7494
278.5109
268.691
453.392
470.0147
547.6454
548.7911
255.4093
259.5107
354.4926
257.1587
189.3583
340.6231
341.37
439.9713
308.192
275.619
183.1807
312.5122
311.8769
294.0089
297.6477
300.7233
302.7499
103.0724
219.7205
304.8707
324.0116
279.8078
308.7844
282.7274
303.4711
306.92
295.5594
282.6653
126.5833
205.8111
198.8521
198.3104
161.5793
340.2071
351.3353
541.5851
199.9481
344.8715
478.0779
209.6215
343.2028
483.4537
480.0275
483.6019
484.6723
172.4381
168.3615
164.8328
303.8977
284.1586
160.9946
251.9443
193.1743
214.659
170.8308
182.8094
175.0503
241.9625
145.0579
197.1846
158.9769
191.4042
190.8519
318.6638
434.1795
202.3104
429.4765
243.8247
548.3598
158.284
203.7274
187.2117
228.7218
233.3583
279.3055
197.2209
194.485
257.6433
245.0442
238.0884
77.4264
189.6349
195.4679
329.7241
198.3382
163.736
193.1867
251.5804
140.0729
259.7018
255.394
139.9021
265.3486
259.9556
236.4562
559.4838
182.8996
264.8618
265.8489
434.8383
432.0376
432.0428
429.7063
387.4676
413.1382
261.1987
494.2719
163.1067
501.0591
501.6167
494.4953
518.7816
510.2757
516.6016
509.9068
520.5878
517.7465
520.0912
429.3841
435.6124
158.7722
214.304
209.6302
158.3917
159.299
196.9752
240.1337
378.3557
162.3415
433.3195
471.2803
249.4861
482.2347
176.6853
173.3897
91.8634
86.392
93.4576
90.7666
356.4016
84.5621
195.3158
131.7035
190.3797
203.0339
88.2241
81.7126
172.832
374.1218
229.9686
235.3606
242.0041
238.1131
182.6411
228.3339
377.1884
89.3369
377.8683
378.7954
481.1858
387.6323
453.3636
449.7078
457.4775
453.6696
465.9068
464.2424
449.8339
194.434
199.8457
195.8497
201.8242
214.2473
210.3014
205.5746
204.5575
192.0432
132.1724
194.5431
199.7251
204.4287
209.4132
212.8405
187.77
173.2263
145.6853
147.8662
112.4245
108.3622
66.3418
76.6584
263.5099
108.9714
103.674
112.2811
293.922
115.8403
132.57
189.637
157.6684
199.5569
225.6739
117.5683
556.2488
199.8759
160.012
169.5309
164.5877
313.3858
167.6359
158.134
185.7647
232.8375
472.7117
469.3676
108.9109
151.1475
190.5981
100.526
190.9861
126.8959
180.8696
173.049
549.352
280.7415
200.6013
274.2206
198.583
290.2373
262.5796
263.4291
182.6401
223.0907
433.7757
428.6045
422.9492
449.6862
448.4361
440.7662
441.8865
174.5106
79.1223
81.1187
307.0016
233.7776
472.8911
112.553
108.1273
217.9948
230.7083
203.1984
175.2989
175.3407
203.4541
202.3133
208.0772
353.8304
544.4826
459.6432
188.1375
106.3789
280.0272
277.9786
195.0106
82.0296
170.8552
129.9833
179.2426
200.392
159.4963
176.4793
74.1459
224.9659
484.9791
230.8341
182.6654
189.3263
171.0401
112.9294
250.0376
175.6275
308.1264
187.8417
311.4907
182.1267
185.4095
188.9458
138.9914
188.2545
166.3558
143.9943
438.4061
97.8795
84.5908
180.8141
188.1858
177.7372
175.9169
87.6797
179.777
102.819
165.1371
209.9528
411.0953
168.989
145.674
319.5948
164.2111
185.1102
143.7219
184.2859
178.7362
239.4045
395.9268
172.4639
160.1815
204.723
231.2543
252.8305
194.1759
192.7275
218.5863
235.2884
190.2517
154.8943
193.1637
189.3538
198.2943
315.6687
237.7523
276.1698
111.6767
89.6175
549.0947
187.5571
211.846
186.6974
255.2492
188.6486
210.9292
191.5589
255.5072
178.8621
263.5555
204.9546
215.5378
174.999
283.3988
211.3498
221.048
188.5945
146.3359
167.6097
180.2739
192.2004
256.0223
184.6879
268.8212
135.6626
285.3217
283.0976
289.7205
205.823
213.2745
176.8552
196.757
186.7817
213.1194
158.5235
447.9771
177.1134
172.0762
206.2106
355.5133
166.6283
339.9079
182.5117
187.0902
349.3084
339.624
494.9359
246.748
494.4767
309.4169
347.675
344.7437
345.9042
338.6334
168.8495
180.0883
426.3904
198.488
424.6905
406.3853
417.9292
402.1925
351.1251
478.2729
483.5579
483.3316
425.1014
87.4394
483.8666
295.5674
180.291
477.536
294.1003
172.8588
139.535
264.4714
150.9797
66.189
158.3784
93.4788
172.954
174.86
201.583
150.8946
146.9923
107.2041
171.5526
169.3603
169.9515
217.7652
166.1419
164.3757
167.217
84.4932
165.3746
139.7786
173.4276
166.062
232.2688
133.6458
177.8528
108.2343
115.3842
90.7126
459.2844
180.6587
180.8444
90.7356
172.7328
182.4863
218.2161
442.7788
84.4699
197.3233
132.4617
187.5659
274.262
159.9981
190.4176
174.859
185.8384
461.7433
120.153
96.1062
451.1674
183.3499
151.7607
183.223
192.4978
82.955
180.0648
153.255
218.2936
123.3559
178.1211
250.5904
186.0726
91.0201
200.0811
185.6724
153.3922
92.8256
251.4134
86.8944
164.7735
201.5421
180.0507
480.3782
158.918
152.6795
174.0099
83.5798
117.1119
314.9853
175.0546
140.1811
220.7462
178.2516
151.8064
174.9147
139.1488
180.1319
216.0135
175.8764
157.7591
160.3623
193.3584
433.192
190.7144
205.5904
237.5115
204.9387
559.058
125.837
153.9683
137.6858
207.1599
104.4866
95.692
178.0152
85.3152
213.4434
139.8418
153.6909
253.616
218.0796
269.3557
341.5475
193.0389
238.6445
179.4896
188.7135
86.6282
149.3017
255.3431
204.4046
188.2523
204.2872
49.1423
342.8745
186.7529
281.8751
169.7773
146.8203
297.2949
220.8329
148.7992
280.6317
181.9903
189.3036
219.003
250.8385
243.7322
214.8032
185.7688
201.6079
324.887
233.139
219.1217
541.3313
329.7882
219.2816
246.2592
109.0923
178.1602
178.7241
328.3039
318.0633
322.6197
323.2028
240.3038
230.3887
215.1512
181.7617
221.22
211.3008
262.9787
235.9213
239.7994
233.2392
169.7195
235.1007
332.4023
178.1572
159.7835
216.2056
220.8039
220.6621
176.9272
107.1304
231.7511
216.7949
222.7765
431.4143
252.8911
286.0797
200.4144
262.4218
218.1153
425.0072
216.965
105.751
227.6485
226.1348
106.6513
281.9819
335.6986
281.845
514.0352
283.769
288.6115
78.9156
45.6133
62.6678
281.0684
310.4586
268.6831
202.2689
177.6016
294.0097
285.8624
270.4231
273.7722
273.4627
276.4755
257.7027
273.6652
255.2642
145.8675
284.9481
167.6907
266.4489
268.8941
175.159
162.3794
264.7711
268.063
268.7458
266.3018
280.6674
258.2993
322.9984
200.8088
494.3288
258.9594
409.2801
244.6549
341.4373
224.5271
186.61
210.9175
274.3075
443.1927
409.5667
274.2236
228.9444
280.0993
298.9205
292.1443
529.815
528.1052
298.7275
257.709
523.7353
344.0657
274.2743
202.4377
205.6484
148.213
550.5451
279.5792
271.5335
288.5359
332.0222
329.2813
267.5385
326.8974
548.417
550.1875
539.2355
325.488
292.5528
288.2155
278.9177
286.6063
289.9955
294.423
291.2417
242.5694
281.7914
322.5709
191.6783
75.1261
391.8804
464.3636
174.5788
233.2458
197.5787
344.0242
459.4104
134.9995
552.3087
287.5533
321.7724
295.4085
292.1378
199.7578
183.7152
281.6522
261.8131
469.7693
305.9778
347.5707
179.9058
185.6391
435.9145
346.9805
303.9929
389.4872
354.84
355.1044
475.3072
184.9275
242.8442
466.5985
500.2022
500.2227
244.1371
322.7719
83.5341
182.1154
418.2794
312.709
470.3054
319.9908
184.3469
302.4387
474.9154
469.5047
486.6094
463.6316
212.8323
497.2908
287.8194
493.3129
243.8542
203.6873
409.8433
154.6326
194.4607
379.5113
387.3442
131.1947
211.6378
194.843
548.0017
340.951
193.65
311.9703
252.0244
249.1734
244.4162
208.762
206.026
177.916
450.9634
93.7371
237.9202
495.8029
184.5865
184.3937
176.3667
181.0549
461.5107
207.545
178.8892
316.729
176.0451
117.1835
227.0344
173.7577
226.6219
146.3162
167.7974
161.6914
198.0919
173.6947
129.1867
144.5904
193.8791
187.1925
195.1839
108.4279
105.9669
180.9012
266.6048
433.4095
187.947
180.3419
215.233
378.7852
244.2349
80.2248
254.8375
249.7503
253.8306
226.675
244.9421
247.4081
222.6953
130.9957
250.7613
489.0777
91.3754
184.7597
151.3816
82.302
207.0079
202.5154
208.3769
178.7062
180.3983
125.0228
128.8639
173.2957
190.2672
131.6398
184.0321
113.4509
175.7329
421.8342
420.2143
149.6264
181.2203
191.6594
96.6731
174.0642
185.686
261.4694
257.8849
261.4201
258.0271
232.1469
425.3526
214.0065
327.7609
520.5362
182.9185
554.4523
555.5991
550.463
264.3867
533.8566
545.6213
546.2446
540.1657
418.4822
116.685
166.7354
130.2109
184.1653
222.3933
215.1685
220.808
120.1103
476.5229
231.8909
216.2598
230.3207
558.4305
201.0282
179.1243
173.1711
534.1306
125.6183
128.5584
182.7587
185.5743
536.4302
179.4031
178.6639
352.8457
283.6056
159.8028
157.7366
175.0035
164.6522
170.7704
202.3219
249.7998
223.6595
60.8613
494.5056
167.9154
243.8972
349.8335
344.4783
171.3564
349.5959
187.6819
205.2874
190.9111
196.8348
108.5218
149.3544
141.7266
215.157
185.0988
141.0162
183.542
181.287
190.9681
166.7842
98.5702
227.8744
272.8416
182.4813
514.4855
444.5335
431.0371
440.0519
430.9306
436.0624
415.1809
453.3872
188.7185
418.5506
443.907
231.0684
366.8527
185.1017
184.4907
185.4733
189.1049
152.6064
111.4927
179.1839
173.7904
94.3876
98.1624
175.5724
100.1237
108.1278
108.358
165.1573
516.7331
206.9903
88.6089
147.3802
147.201
137.6343
140.8822
171.0668
162.8345
168.544
136.0119
141.2388
168.8284
169.6755
120.7396
125.6299
133.2566
218.6116
145.09
170.7792
308.5488
531.4265
148.7101
163.6945
168.7952
102.0893
259.4027
155.0073
165.5506
115.6762
120.1604
525.3676
336.772
96.1825
93.9448
182.1259
186.8805
148.3738
140.3722
145.4205
112.8738
141.8667
131.2158
143.8868
222.4121
138.3141
210.9613
192.9174
527.5264
95.0547
94.3495
425.8055
173.1578
197.1736
245.8967
168.9777
56.7233
302.2726
181.6009
201.4319
260.6519
109.8901
143.9359
145.9666
156.2063
248.6133
83.2004
528.3436
269.9831
162.5967
235.4765
448.0285
453.7881
179.9185
435.5528
417.6879
427.7232
347.5424
453.0067
197.1365
532.3559
165.9603
537.8048
248.8062
243.4311
169.6907
199.4158
135.8619
181.9124
250.1936
135.903
161.3728
541.3479
178.8323
438.9989
162.1094
430.4045
432.6401
519.9966
242.166
175.2982
238.8786
235.1595
342.2763
179.3984
170.9876
128.4549
179.6034
183.9455
222.1871
195.8942
177.0352
198.7079
191.8068
175.1156
186.6149
163.1518
443.7843
118.711
179.9726
192.7784
248.9163
230.6268
275.6835
180.7265
186.12
173.5739
166.0474
142.5331
190.0253
145.4743
183.5139
182.24
454.0373
282.7107
279.1968
279.7175
255.8353
279.7123
281.3611
282.7945
141.5842
156.5137
196.219
191.3509
355.4521
308.5389
278.098
278.1828
121.1566
254.7747
178.7885
269.1769
492.9783
336.8171
522.6716
293.0234
354.737
299.7042
264.0732
296.9349
233.3075
326.7845
264.0289
178.7332
318.8955
319.1328
524.7865
315.6266
518.9106
338.6598
300.141
397.4856
537.2344
328.9196
236.159
188.1618
176.7151
114.2703
169.7047
344.0498
270.6537
302.8288
394.0293
310.6138
537.2345
554.2819
300.9816
237.8309
525.9665
317.682
303.122
355.1136
242.9057
459.7445
193.8225
208.8529
500.4525
166.7175
468.3866
473.2228
294.6104
520.6127
247.2687
487.2902
388.8695
407.5194
400.9196
396.2339
399.4645
398.0078
391.3368
213.81
147.5141
402.4045
242.6474
161.1391
398.0974
514.0768
205.0917
202.9246
518.8654
395.2969
397.3916
483.4362
169.1472
277.6741
202.7518
405.4742
314.0784
522.5736
459.4413
448.5622
286.9443
385.9235
385.1947
172.4104
391.8834
296.2708
216.7435
285.9763
286.2179
368.9542
78.3156
487.7104
374.6936
403.0001
403.276
166.1189
431.0853
434.0124
156.0118
236.3549
337.7772
488.6874
422.4114
415.5481
425.3342
169.3476
207.4855
413.8177
419.4407
198.0476
184.5044
126.1322
339.2782
456.3572
96.1403
178.094
391.1557
268.8258
275.5042
145.6754
453.5047
218.2171
153.1108
222.2175
178.7048
451.405
207.525
177.1788
61.57
212.1006
288.4584
229.9965
114.3706
273.7279
81.2877
233.8885
284.6716
268.4799
405.1766
348.8151
101.872
372.9559
180.4689
57.39
75.797
69.6494
71.9551
112.94
105.8534
490.7914
122.3163
170.9957
97.2374
108.3567
233.1719
105.351
78.5534
68.6693
124.8443
79.2643
194.8518
75.6303
159.7195
71.9956
236.7362
84.8247
102.3981
147.2556
156.2272
306.5422
69.4068
168.884
162.7688
110.6503
135.2457
223.3601
332.8765
456.2955
125.711
84.7671
168.813
93.91
176.1692
101.6666
278.0653
248.108
97.4327
98.8656
89.204
157.1704
104.2245
176.7879
264.0149
155.821
252.3181
137.5882
108.0069
140.2424
206.7734
146.2416
105.3609
131.4014
170.7722
151.835
83.8141
140.1657
146.43
186.3309
294.907
136.4308
125.0281
293.2671
247.1229
123.6634
220.896
227.9615
153.994
158.4357
191.4986
138.5674
125.3813
212.5214
128.481
226.9523
145.6712
53.2316
152.1305
170.4068
197.8792
135.8346
136.5169
127.1513
145.8009
551.5871
132.9747
224.8584
104.9149
348.8409
173.8017
122.5936
129.8346
273.4253
173.5395
151.781
160.9265
178.4178
151.7876
177.5345
174.5496
182.03
192.6793
141.7746
149.704
133.067
53.1972
188.7484
155.0693
320.8168
179.397
138.3223
188.8725
167.7552
373.1686
181.7818
445.343
178.1165
113.3715
169.1961
164.5099
197.5312
492.4582
156.7376
121.5767
149.4358
145.5759
139.1441
132.1666
178.6174
159.349
100.2591
180.7482
192.5627
144.2219
146.3755
438.0503
420.4081
449.846
442.8443
73.6007
169.2638
340.7007
347.596
343.6138
419.1303
415.5781
172.2055
338.4035
334.2705
175.3144
146.6297
179.3234
233.4909
389.6033
119.9364
182.7817
236.4912
211.067
182.6725
198.8801
199.7604
117.967
147.0174
181.2794
234.7378
538.76
182.4346
138.4118
222.8902
207.8505
141.1693
202.8524
196.9452
190.418
192.403
146.3972
94.4956
187.6817
249.623
215.2949
258.329
114.8891
229.7981
105.275
266.4234
415.8019
250.0203
187.7913
244.9733
140.3329
205.1127
252.3413
246.1175
322.1991
250.7354
179.8385
179.0557
203.6482
334.8044
333.3186
229.7208
188.594
106.8466
188.461
182.7322
109.0646
182.9399
111.2754
186.78
193.6542
180.7493
117.5227
178.8807
187.7809
176.543
235.3888
239.9769
266.9046
205.7447
90.3304
172.1789
184.6177
227.7373
242.9452
181.4034
203.6366
238.3239
303.2975
185.4543
158.0938
174.9488
232.775
79.7514
174.5361
197.6725
200.0517
179.2186
225.038
197.9577
189.0153
178.3514
181.7981
535.5364
555.0204
208.2888
218.7829
206.3121
198.4624
142.015
338.6437
238.3987
204.2779
198.5147
215.5824
149.5648
194.4106
190.0347
210.3906
187.3136
249.4374
541.1337
397.3134
337.4167
138.0681
443.4774
269.3619
439.0378
544.9467
265.4663
254.4476
209.129
249.5277
237.0863
95.0871
176.9752
230.3325
501.8968
202.8401
162.2887
291.4945
186.7089
266.7912
200.4463
116.1996
271.9669
271.497
268.7975
170.875
163.0273
215.3579
347.3429
176.9326
325.9212
290.7645
348.4984
305.0408
169.2448
168.4882
200.177
283.2999
535.298
344.6832
537.8911
113.2451
244.8454
146.3341
191.7107
206.9502
271.0111
273.081
177.315
182.4529
205.259
189.2326
251.1119
120.8484
134.3031
93.1714
177.6264
210.181
541.9355
408.2058
423.9055
329.5774
520.6323
337.2732
289.0217
242.6117
345.1196
206.04
204.0357
194.2838
542.2095
532.6345
201.8873
530.2325
536.8324
531.6172
348.4639
293.8834
539.9394
320.0482
523.5127
286.2632
280.0168
282.3046
274.4441
554.4016
302.8191
317.9048
322.364
227.8852
314.2428
292.0181
319.0921
270.4194
266.3407
259.0989
271.3566
258.6351
297.7523
235.7791
190.3721
316.9482
300.2564
305.469
296.156
147.4373
275.7932
313.9723
309.03
179.0706
192.1681
240.1732
222.7115
350.1838
251.8984
262.0981
556.8774
548.4251
360.9837
537.0382
529.7968
246.8961
558.8208
283.3266
289.8602
304.7863
302.4946
45.7121
506.4305
293.606
345.3564
199.201
332.4767
330.154
295.5082
323.9759
300.3737
274.6282
299.5744
307.1972
267.0364
340.1313
284.8567
297.8859
271.4733
183.5674
204.0739
216.6527
529.5089
305.7747
184.9587
321.4467
240.6822
192.79
314.5683
316.6377
495.0645
333.0987
256.6509
483.0033
507.7814
496.1183
507.2996
257.6104
244.6776
201.9003
207.6895
278.6901
412.8941
133.0081
409.7813
475.5781
434.5928
487.1194
385.84
393.2859
415.1886
254.9756
74.5829
160.3335
287.7266
468.0148
495.0282
448.3112
195.0496
121.4302
197.9876
256.3995
316.6065
183.0069
340.4344
435.7946
130.9621
458.34
175.3325
334.9303
464.0143
481.5336
396.4851
72.1425
190.3167
506.0167
310.7838
495.8842
480.4615
447.2175
388.7699
458.3723
369.8136
307.1053
295.1333
413.6096
502.8417
423.0393
159.34
176.1795
75.5243
155.4034
464.5051
119.0886
471.3267
183.0535
87.7852
279.0909
447.1891
381.9996
172.4039
345.7551
372.6091
111.9423
268.4226
251.691
420.117
85.0971
195.8291
543.0556
476.4897
285.2634
384.4309
557.1184
312.0759
184.4542
176.6036
536.232
468.4837
415.2857
472.9982
413.3407
197.4601
454.7821
273.8611
455.4676
460.1196
166.7041
541.8153
166.0656
101.9889
391.9108
485.783
72.4056
421.3952
162.912
212.1496
481.5944
168.8924
410.2819
201.5419
399.1413
347.0489
475.9804
405.1125
123.2294
274.0408
302.2813
342.9518
185.3094
413.5532
167.7342
497.0925
404.8813
269.1839
293.1105
166.4001
285.8668
560.4923
230.3937
168.0471
290.1895
203.8737
173.2884
443.4832
373.9726
420.7357
530.3292
244.7831
167.1579
170.3442
403.7271
309.0977
400.4911
163.8918
165.4856
424.3929
545.1297
555.8475
395.988
540.6391
212.6083
255.8674
181.589
61.3315
99.8729
300.2962
181.5171
93.6638
473.3651
405.0344
199.9999
493.1784
162.0625
104.8938
133.0195
413.546
407.5137
492.8058
205.5265
413.6289
167.1457
279.5015
301.5583
132.0892
409.0252
387.6828
166.7319
150.9304
357.8107
404.7577
86.447
407.1981
189.3147
413.3078
207.3765
401.9989
184.574
212.0203
207.9722
89.9962
402.6278
96.868
136.4873
67.0288
405.6698
114.3293
408.5621
162.2096
198.7134
407.4215
72.4987
458.1915
266.0461
312.3069
177.8986
107.9943
344.0241
425.7011
78.7084
205.4038
154.1866
101.0378
194.6191
98.8051
77.7428
397.3015
93.5909
81.0854
358.4299
65.6047
403.244
552.0717
167.3711
182.8889
96.196
196.8057
153.6822
422.0301
399.8209
290.7666
205.6971
138.0579
68.7074
65.285
63.4364
210.148
312.4242
238.8891
336.7991
94.0381
559.819
142.169
198.6342
59.5288
307.5987
202.0767
158.7527
199.7604
194.4704
50.8825
119.4559
98.7104
125.8114
75.2919
73.3044
204.1934
406.9486
95.9538
272.0483
207.1108
98.9457
177.6668
333.6946
100.8097
418.1561
83.4583
70.4182
410.5652
52.9258
101.1179
107.0967
102.4101
214.9716
176.6798
86.3881
275.4076
127.0621
78.9275
288.2139
200.4707
193.2845
348.4186
114.5551
114.508
157.5376
111.8519
83.2904
77.2577
209.2362
214.4964
401.8327
532.2795
64.2567
238.1141
221.9232
79.1199
174.5146
155.8595
208.1895
96.6393
104.5881
549.2559
289.3198
52.1108
443.1001
362.3618
209.0177
454.6948
432.7628
222.753
225.0515
98.9591
185.6655
378.4423
150.801
174.0968
155.9737
63.5623
141.978
192.2801
295.2706
168.042
72.3952
55.4899
119.1107
53.6747
165.9914
132.7231
131.7879
349.8744
94.6936
351.2447
292.1716
411.5725
179.304
290.3335
88.9308
162.9503
420.6634
187.3387
553.388
139.2728
114.5656
404.5168
118.4636
296.6657
114.1418
106.2272
355.971
495.8807
82.535
188.3198
175.5739
145.173
125.6577
56.3441
168.1011
122.1641
431.8525
310.9271
170.9143
95.9219
188.6657
89.4594
152.2703
127.3031
175.373
168.2474
171.9873
407.6611
450.9651
409.1127
166.2331
285.2247
185.9414
124.7427
197.8011
117.9711
250.6887
195.7974
103.4531
198.5739
103.9889
190.4526
116.6174
177.2042
197.6706
117.99
190.5094
97.7039
107.8694
265.9873
191.2203
193.9756
196.7901
175.1946
195.6292
129.4842
185.4015
432.3525
131.0585
488.111
254.0382
98.5342
175.4455
108.4928
109.1078
97.9214
158.6867
171.4553
112.672
114.6833
91.8427
450.5162
183.0563
60.0405
92.3374
442.6597
561.639
245.0525
107.0952
130.762
446.9803
119.7836
170.2051
74.3506
169.813
260.2805
176.9807
121.0312
129.8715
140.6407
86.44
185.6845
486.5243
171.4573
444.9026
105.7492
174.6235
176.6957
439.7392
137.5574
239.1969
75.1672
108.4648
175.0583
123.8346
156.8312
418.1239
237.486
130.7956
171.1329
142.9887
112.1171
105.1056
116.0313
361.0548
91.8696
493.5423
125.159
118.2178
74.5988
484.6977
100.4109
104.0086
346.5757
131.0638
548.8951
154.132
107.5838
169.9028
177.9675
137.3591
229.4148
156.4747
137.5432
244.6884
126.6207
156.9859
226.2293
92.5539
131.721
54.3046
66.6155
177.2418
122.7254
181.3681
102.8666
101.7074
252.3671
160.0811
99.2551
433.0158
180.5452
177.0658
74.7106
338.9711
290.6052
421.3336
101.6871
344.5055
187.7795
199.6605
219.6965
148.442
186.6583
118.4458
143.7468
108.8609
304.6961
104.2465
447.9923
188.7177
229.1269
289.6998
187.4391
100.7235
145.7704
167.7004
151.7421
168.5855
177.0643
156.1354
196.0517
240.2428
176.0361
549.9695
111.247
97.8427
190.2558
189.711
155.3986
114.7844
78.8038
253.8718
134.8082
167.2874
119.7039
167.466
124.3317
196.7002
200.025
141.8542
120.5876
368.3772
442.2358
251.7842
400.3677
259.2735
140.1086
234.5759
193.608
134.6631
271.2459
62.9259
198.1797
96.8594
151.3983
156.2587
410.5228
117.897
348.8176
249.0738
189.257
210.588
184.6085
156.4147
152.042
323.9227
283.1192
203.8094
112.0559
287.3162
148.919
129.3776
153.4168
119.335
217.1794
97.7988
120.8839
230.1808
476.585
244.2022
95.583
327.8204
403.1904
124.2125
298.7585
258.0162
143.6962
211.4246
135.1484
215.1874
377.6169
186.8087
142.0388
145.4812
165.9492
479.8382
97.9086
67.2596
556.3206
94.6609
249.5478
161.6457
484.597
94.0765
174.5172
271.4216
200.6934
494.0325
317.0699
334.5521
210.462
137.984
446.7275
474.4455
135.4313
174.7252
173.5871
156.9881
181.7475
305.7044
163.2755
157.5579
92.5667
231.057
85.1437
264.4246
436.7336
190.9585
76.2724
292.2234
156.3358
315.8969
190.3271
510.6044
162.8074
127.1803
251.4525
141.8916
180.4118
108.5579
279.6223
121.892
55.3269
103.5552
148.7575
147.5363
147.0691
316.4375
217.9753
193.3806
107.4011
203.8868
112.1166
194.5506
403.952
113.7538
168.6951
200.1581
167.4623
148.5403
193.7215
252.6364
250.9714
223.732
117.4844
213.5129
168.2442
165.0837
191.8681
202.0953
127.7056
220.4456
422.8939
196.8934
511.0403
117.9932
104.0305
126.3615
216.9363
172.3279
141.8065
117.1902
127.1683
130.4181
375.2221
157.4528
131.4406
74.0477
204.0602
55.8982
87.1718
168.6663
120.8976
173.3543
188.9063
175.299
137.7926
151.066
213.8988
192.1064
340.3825
399.3713
236.5377
186.518
537.9234
215.0074
124.6065
166.2444
307.6344
273.219
452.7147
151.5883
427.591
320.8268
446.0024
140.5093
166.1963
182.6809
317.0033
162.6066
499.7006
100.1727
238.6234
130.4728
162.4425
372.4975
427.3903
169.2456
181.512
181.1153
152.9585
345.1985
194.8188
203.9121
111.333
199.0398
170.2005
188.1174
171.1027
542.678
91.1359
148.2058
199.9303
251.2996
219.1245
532.1736
263.609
532.6286
104.7964
89.8616
154.9567
184.8354
143.2785
149.6765
203.029
189.1104
146.7921
462.9416
220.1081
195.8048
182.882
187.246
124.2988
128.1259
182.5668
172.84
184.1093
193.3209
194.4589
128.1387
188.6987
152.9927
139.6903
179.8868
145.7875
165.1435
227.6444
339.0235
206.476
245.4812
146.3057
162.0652
458.8883
166.4044
179.4206
218.2636
165.494
117.034
119.6424
461.2391
203.0768
195.2389
243.855
98.3655
128.579
79.3935
262.8816
61.1364
173.8352
195.3608
298.5818
178.3224
111.3182
240.4888
352.2462
151.9765
160.5877
348.214
169.1291
192.6836
155.1413
226.0429
160.8169
171.8123
203.0094
169.9296
393.4294
134.9063
170.2345
240.4039
364.0093
191.1242
192.6828
265.7656
161.3201
269.2825
236.3261
51.975
212.1085
352.2338
218.9275
214.5265
279.5577
221.1942
416.2773
195.3505
416.0928
195.9864
188.4003
238.2035
113.476
202.0344
361.4956
520.2131
162.7682
209.2661
147.4363
167.2642
121.4708
162.8373
181.4507
177.8559
209.7467
162.5497
183.7081
355.8285
58.7457
183.8523
130.2349
484.2674
235.312
170.5261
356.3374
193.9484
113.9508
345.9255
211.2654
175.1017
109.3574
155.5106
282.1864
171.2889
220.9567
190.2446
149.526
253.1198
501.273
525.9287
182.0691
197.4097
225.1992
114.529
486.1268
273.0689
165.2502
222.1645
175.8775
480.2694
181.2848
159.9222
479.1999
183.7484
186.1097
179.6044
488.2702
483.5963
197.2612
210.6451
473.8866
203.9092
163.1765
272.2955
175.778
199.832
87.8592
199.7574
127.9394
558.9073
212.0365
229.6978
474.7467
72.6361
355.8701
182.9512
102.9177
166.1891
137.4668
117.0544
211.8482
487.476
489.5065
115.463
162.5344
179.4899
224.5612
482.8554
184.3164
171.4891
460.515
239.1623
225.0312
268.2987
117.4776
210.0207
81.4521
190.5478
191.5512
488.3831
241.9496
467.5024
184.0224
183.5751
87.5663
278.1252
168.9624
268.1215
258.4439
176.9402
158.4192
141.1933
329.672
466.922
183.729
468.6218
297.5279
233.14
359.1143
175.2872
215.3232
134.3796
198.9879
171.1352
128.9596
191.2587
309.3604
236.3658
183.5632
238.4606
152.6366
176.5058
207.1258
191.2687
119.1124
212.5638
307.9189
274.1621
133.4998
169.6598
178.9034
311.1337
156.1271
154.8762
171.6535
208.2035
164.9675
158.8518
179.2225
312.5707
269.9658
208.3392
160.714
252.5127
260.2368
209.3223
213.2118
171.657
92.9088
176.5494
194.5452
195.5885
105.4806
196.0879
187.1993
140.9146
263.0951
235.2805
245.2498
245.2066
178.9822
160.576
210.8449
168.4136
263.9518
139.5419
195.22
220.8022
547.4461
198.8019
222.9136
311.4435
327.9254
213.0564
166.8072
206.5256
159.3321
173.0086
214.3469
114.8308
399.2564
220.5456
171.7675
198.2285
173.7622
198.8123
201.0715
245.0069
264.3581
188.2209
177.6556
84.9153
184.7004
210.782
337.6582
192.4449
172.7505
198.4978
187.8325
245.1506
205.4315
203.5195
199.8949
332.8183
148.8517
210.4642
444.414
228.3749
146.6229
223.9659
225.3605
187.1759
224.6603
247.3988
140.8922
285.128
133.3859
231.8981
213.3525
306.9986
198.3495
484.6396
169.2851
195.1952
215.4895
239.6791
155.2122
256.7188
121.9014
304.2374
180.4221
177.3648
276.1207
284.9878
85.169
129.3447
164.733
200.6562
245.2958
196.7728
192.1658
489.2375
120.8209
491.6628
194.5419
183.4242
170.6234
181.3375
179.3954
495.5335
243.0802
514.4926
169.6496
367.8364
176.9716
170.3995
169.803
137.2357
402.871
401.229
286.4167
274.2933
174.8341
310.7688
253.6364
152.6788
205.023
135.8389
230.7019
187.9264
175.2278
160.5337
232.2488
193.4343
221.9347
507.7864
114.6755
115.1825
185.5668
283.1233
395.4422
69.5623
245.9042
124.7489
180.8034
255.7387
183.1252
221.538
159.2928
203.8951
175.3681
157.6446
264.0099
192.7461
151.8947
176.0793
179.2811
109.0502
202.0836
406.5875
200.2432
197.6487
197.0253
453.1353
361.8517
427.1088
197.0838
555.1437
215.7615
169.3156
214.155
192.7627
552.0099
521.4846
114.8206
228.1113
172.6037
241.5883
325.5278
189.7984
196.3942
264.7897
169.352
208.1294
220.0329
198.7973
292.1316
209.414
318.7082
184.1171
120.3618
511.6265
287.1717
396.6839
153.6088
114.2073
424.1957
168.4501
234.2775
217.3027
99.8444
416.3523
180.5933
200.8287
143.8657
286.8481
286.7385
199.0418
347.1427
87.0635
103.1427
240.0972
198.601
445.2664
399.3752
205.5802
237.2057
172.5646
152.19
220.2459
255.2876
189.3069
558.6099
248.8237
88.8059
235.7457
206.6774
270.9075
370.0796
237.7397
444.6413
262.3669
290.7551
209.109
195.6043
189.7823
560.0067
251.2662
182.8984
199.3777
183.7237
191.0306
554.1472
230.657
289.7013
467.1932
465.5252
217.1706
450.8219
211.4544
229.4462
558.8809
505.6151
183.5849
266.514
280.6668
270.9147
200.9186
240.0212
557.8955
263.7743
153.1184
226.9048
152.8214
285.4221
141.2728
148.9167
268.5654
150.0939
445.3118
270.102
334.6975
122.4096
269.2732
169.965
187.1493
275.4541
322.7843
264.2933
552.2289
269.0218
553.6469
262.3333
282.9066
178.7702
536.2554
285.4946
151.4843
154.8485
200.0391
267.4905
166.2181
162.5702
558.5188
192.0801
549.3881
315.1317
527.5661
257.9395
242.6379
304.5034
169.9944
549.8465
192.5067
560.4847
165.837
317.055
328.4329
263.528
309.4425
184.4245
291.5683
334.1797
524.1344
238.2073
278.7303
263.1041
543.0697
554.3365
240.0102
167.5562
244.3723
546.4817
271.4068
195.4417
137.1784
201.1928
542.4713
545.6318
258.4751
214.7224
168.1817
562.0578
535.9881
188.6056
164.2724
503.7261
190.054
223.6599
347.6143
251.5859
164.9342
256.6465
312.6359
253.2136
59.9289
282.1017
560.2407
260.3894
283.3071
280.4864
162.3725
189.614
560.5906
290.5556
524.6102
340.8648
517.0924
419.9482
266.1936
130.7289
291.5176
204.0582
189.9665
270.6133
158.8063
198.7304
313.4391
497.1561
541.0566
334.4673
263.6948
153.0724
552.1417
538.138
332.0502
285.1544
173.8145
549.7398
602.7688
196.119
560.5266
337.0709
240.6765
176.8093
506.6182
291.8287
547.9425
163.0763
309.4227
556.6628
285.6789
256.2616
258.7799
194.6307
535.0029
194.4657
498.8318
540.6458
225.1608
190.5634
282.7752
454.2052
560.0817
62.9014
561.8142
414.8813
184.4245
546.9626
279.489
201.884
555.3868
354.0117
301.4578
559.6414
412.4504
201.6588
279.2354
124.1166
363.3584
551.809
426.2731
237.2399
188.6658
97.2655
310.8567
204.3001
297.7198
359.5447
181.9217
223.5174
262.4588
241.4443
281.7763
187.7017
157.7348
368.1219
410.8742
303.6833
202.447
554.7371
545.6295
73.2715
411.87
512.6644
240.0241
286.3585
173.5445
118.2276
201.0021
278.9963
499.4191
487.6336
277.8281
197.1835
252.8967
200.4177
310.2922
327.2316
259.8225
301.1362
331.5574
452.4422
182.6678
554.6298
553.245
553.0383
465.4146
131.3487
550.6551
555.3224
216.4774
504.9039
486.0041
189.6863
438.2034
519.3918
325.5366
327.7393
525.2875
535.0714
238.5346
236.023
292.6943
534.195
529.9181
246.8184
333.218
282.0015
183.3812
312.7572
201.2757
548.2373
180.06
263.3323
535.8661
350.2546
479.4525
501.6225
510.0373
468.9635
315.2776
269.9325
191.5616
293.1675
123.9257
503.0964
333.5048
132.9974
168.5594
274.041
125.811
280.7632
410.2504
276.8277
306.7684
240.1907
253.4844
274.9977
276.0846
308.3402
248.7615
312.2922
421.8538
508.736
361.0553
72.4881
417.6236
274.0419
528.9319
445.5256
215.8492
273.5912
202.2442
266.3811
173.5474
335.8019
156.2263
319.934
283.4656
162.2798
498.6569
215.0529
479.9596
158.4208
316.089
467.8127
550.2968
239.5886
327.9544
503.2677
287.939
232.2243
325.4486
477.6156
330.0527
242.3894
345.0055
332.273
283.1612
542.1484
305.2189
537.8481
252.6159
194.8897
366.6065
515.307
201.2722
178.3017
256.3038
322.626
453.6918
188.6339
362.4294
318.5537
321.0328
227.9424
181.2118
487.0872
320.6993
276.8922
327.9792
279.2337
550.2204
311.4225
335.9672
193.5235
549.2504
539.4161
160.4835
213.4333
533.9144
307.6149
321.1499
118.472
535.1465
356.2866
287.9069
298.6527
65.3091
181.4863
275.9648
334.184
330.201
99.4036
477.9155
172.0344
546.672
458.6121
159.2694
172.1565
308.0376
490.6851
166.6119
448.7211
210.2204
206.5116
156.0301
332.201
246.5006
492.7252
251.8375
331.4408
541.5289
321.4359
509.7201
279.8446
173.5581
539.2826
479.1889
185.4268
327.8612
166.2423
196.2636
92.826
199.8569
278.8365
117.8627
513.5519
200.7538
295.7802
483.1955
264.3452
280.34
190.5988
487.7743
191.3936
198.4755
543.3158
198.6033
258.8987
327.4805
57.7623
146.175
306.0729
318.9188
110.9994
346.6827
294.2993
292.8777
536.543
337.085
285.4552
284.2434
275.4884
189.4436
522.1037
548.2472
49.5326
551.6894
343.4267
499.8292
229.4125
384.7788
308.971
262.13
487.5412
458.6886
505.5922
319.8273
499.9697
185.1982
411.4039
278.6259
314.7673
326.4525
260.5034
290.4767
250.4203
254.8155
490.0078
300.69
348.6599
251.2468
168.4495
477.1096
488.1987
176.5722
558.417
447.2202
364.4453
177.4023
167
354.2206
482.3392
496.8357
506.0563
411.1859
364.7031
350.1992
456.6031
557.1924
327.4736
389.8322
234.6877
555.1279
363.716
463.8678
234.4376
197.9359
305.2394
482.4614
284.9302
200.8473
302.6901
214.858
321.2946
104.231
500.7401
305.2747
450.811
247.0846
524.1952
462.8303
492.3795
472.2425
243.2899
361.5681
187.8973
159.8279
241.1841
501.236
173.8706
381.6733
498.6662
331.8702
536.9346
178.8243
542.4241
199.6857
485.3019
285.1579
331.7505
254.2148
187.7164
347.6308
387.4454
333.8447
384.9227
410.1492
400.0655
506.0691
487.6279
365.8554
242.1154
266.8191
551.9606
293.462
486.2256
224.174
185.2837
216.1837
448.1433
494.7869
74.629
511.2525
332.7554
322.9414
478.0318
243.9675
393.9134
353.4677
466.964
493.9012
240.3421
73.9021
404.0612
280.5443
79.1268
83.9469
322.4947
534.6888
213.9572
467.1204
340.3398
250.9257
484.766
500.1814
373.5379
541.9468
377.7563
353.2077
485.8437
497.5405
407.7193
256.4366
310.9468
165.5372
306.1592
285.3735
295.6932
549.5513
316.5184
415.6742
462.9768
526.9984
357.4355
380.1027
320.3761
323.386
268.6264
377.7282
262.9444
169.3594
234.6784
532.0876
245.2123
463.0364
294.1673
424.2114
175.2888
542.5961
192.8323
300.1522
195.4025
361.5574
277.4677
465.3163
194.6892
408.3835
533.3136
394.5323
364.6071
385.08
352.1312
184.6298
499.5444
186.0298
311.8249
460.9454
402.9559
191.1161
311.4684
139.3453
438.4389
311.3663
272.8564
283.5582
490.1973
401.179
371.4068
491.9852
236.6148
353.8495
377.3072
350.8483
462.3885
408.5693
291.4166
195.5074
463.605
379.0049
479.8343
81.9073
392.5786
507.3038
294.1497
436.9671
285.8403
429.4215
153.2442
122.7399
288.0564
440.6656
410.803
289.364
330.2678
403.0744
288.4497
339.228
260.9658
367.8803
536.0916
451.7055
136.3994
188.0878
420.2229
387.7325
424.0588
320.3919
330.7341
195.3509
233.3133
174.8799
354.8879
179.6543
471.12
380.2521
380.7612
453.421
215.5112
211.5794
194.4223
420.3695
424.4983
452.4474
218.2062
428.9326
395.9925
421.1725
469.615
169.8016
258.4434
459.9896
467.388
255.8167
201.1546
509.9207
559.4638
341.4625
295.5761
454.1193
456.9759
391.4437
552.6881
438.0237
323.4153
391.9757
286.5834
296.7937
430.5244
463.2854
166.9066
402.5264
398.5638
498.5796
461.6733
452.9701
472.2561
441.2578
444.1325
298.3593
160.2016
321.5973
460.6153
279.289
396.0695
396.0465
333.8076
295.9636
342.4158
531.8631
548.6418
72.6065
170.6085
432.7163
514.7135
432.3164
344.5881
528.3228
437.6131
197.8577
332.0527
257.6049
545.4599
427.7102
498.4409
188.5843
445.0408
54.2071
302.9086
459.3432
351.0425
72.93
474.4925
190.44
338.4222
415.4877
480.6416
40.9104
357.212
483.6197
192.7711
191.4382
405.3529
157.9065
194.4231
186.9074
523.1457
484.9781
210.4034
535.4075
230.979
247.2474
536.239
287.8011
488.6239
196.7214
191.2522
391.3563
190.2941
384.2557
177.237
450.1242
278.3551
307.2301
303.8614
469.0727
88.9432
190.0082
489.3517
173.1792
540.1386
193.7165
187.8173
435.1
483.4948
135.9152
276.9909
)
;

boundaryField
{
    inlet
    {
        type             zeroGradient;
    }
    outlet1
    {
        type             fixedValue;
        value            uniform 0;
    }
    outlet2
    {
        type             fixedValue;
        value            uniform 0;
    }
    wall
    {
        type             zeroGradient;
    }
}

// ************************************************************************* //
