/*--------------------------------*- C++ -*----------------------------------*\
| =========                 |                                                 |
| \\      /  F ield         | OpenFOAM: The Open Source CFD Toolbox           |
|  \\    /   O peration     | Version:  2.4.0                                 |
|   \\  /    A nd           | Web:      www.OpenFOAM.org                      |
|    \\/     M anipulation  |                                                 |
\*---------------------------------------------------------------------------*/
FoamFile
{
    version     2.0;
    format      ascii;
    class       faceList;
    location    "constant/polyMesh";
    object      faces;
}
// * * * * * * * * * * * * * * * * * * * * * * * * * * * * * * * * * * * * * //


1966
(
4(123 634 631 124)
4(127 530 632 633)
4(123 127 633 634)
4(124 631 632 530)
4(121 123 634 635)
4(121 635 636 122)
4(122 636 631 124)
4(120 638 637 506)
4(120 121 635 638)
4(121 505 639 635)
4(506 637 639 505)
4(118 120 638 640)
4(118 640 641 119)
4(119 641 637 506)
4(140 645 643 220)
4(220 643 642 197)
4(140 196 644 645)
4(196 197 642 644)
4(139 646 647 221)
4(139 140 645 646)
4(221 647 643 220)
4(518 162 649 648)
4(130 650 651 163)
4(163 651 649 162)
4(130 518 648 650)
4(128 129 652 653)
4(128 653 648 518)
4(129 162 649 652)
4(106 185 655 656)
4(106 656 657 339)
4(185 225 654 655)
4(339 657 654 225)
4(106 343 659 656)
4(185 655 658 226)
4(343 226 658 659)
4(359 661 660 386)
4(359 367 663 661)
4(386 660 662 366)
4(367 366 662 663)
4(350 359 661 664)
4(358 665 660 386)
4(350 664 665 358)
4(333 381 669 666)
4(333 666 667 379)
4(379 667 668 403)
4(381 403 668 669)
4(112 670 643 220)
4(112 381 669 670)
4(220 643 666 333)
4(112 670 671 198)
4(198 671 642 197)
4(281 673 664 350)
4(280 359 661 672)
4(280 672 673 281)
4(278 674 664 350)
4(278 282 675 674)
4(282 281 673 675)
4(280 362 676 672)
4(362 367 663 676)
4(62 591 678 528)
4(528 678 677 510)
4(63 510 677 592)
4(509 679 678 528)
4(61 590 679 509)
4(413 528 678 680)
4(413 680 681 419)
4(419 681 677 510)
4(390 398 685 682)
4(395 683 684 402)
4(390 682 683 395)
4(398 402 684 685)
4(389 393 687 686)
4(389 686 682 390)
4(393 398 685 687)
4(406 691 689 498)
4(406 418 690 691)
4(418 497 688 690)
4(498 689 688 497)
4(402 684 689 498)
4(401 692 684 402)
4(401 406 691 692)
4(395 683 693 499)
4(499 693 689 498)
4(106 656 694 341)
4(339 342 695 657)
4(341 694 695 342)
4(106 656 696 478)
4(341 477 697 694)
4(478 696 697 477)
4(343 659 698 479)
4(478 479 698 696)
4(125 699 700 352)
4(126 351 701 702)
4(125 126 702 699)
4(352 700 701 351)
4(125 699 632 530)
4(530 632 703 353)
4(352 353 703 700)
4(364 366 662 704)
4(366 389 686 662)
4(364 704 705 388)
4(388 705 686 389)
4(355 386 660 706)
4(355 706 704 364)
4(367 393 687 663)
4(125 699 652 129)
4(129 652 633 127)
4(118 202 707 640)
4(202 161 708 707)
4(120 638 708 161)
4(117 709 640 118)
4(117 201 710 709)
4(201 202 707 710)
4(117 709 711 531)
4(531 711 641 119)
4(107 714 712 356)
4(107 152 713 714)
4(152 355 706 713)
4(356 712 706 355)
4(107 714 701 351)
4(351 701 715 354)
4(356 354 715 712)
4(107 714 716 142)
4(142 716 702 126)
4(142 515 717 716)
4(152 713 717 515)
4(152 358 665 713)
4(108 721 718 115)
4(108 114 720 721)
4(114 116 719 720)
4(115 718 719 116)
4(108 721 722 383)
4(115 382 723 718)
4(383 722 723 382)
4(114 720 724 384)
4(383 384 724 722)
4(160 161 708 725)
4(160 725 726 203)
4(203 726 707 202)
4(513 116 719 728)
4(113 513 728 727)
4(113 727 720 114)
4(111 729 728 513)
4(111 115 718 729)
4(113 727 730 199)
4(112 670 727 113)
4(198 199 730 671)
4(200 732 728 513)
4(110 731 732 200)
4(110 111 729 731)
4(199 200 732 730)
4(110 731 709 117)
4(200 201 710 732)
4(279 733 711 531)
4(110 731 733 279)
4(109 734 735 507)
4(507 735 637 506)
4(109 119 641 734)
4(507 279 733 735)
4(109 734 711 531)
4(111 361 736 729)
4(361 382 723 736)
4(279 361 736 733)
4(113 385 737 727)
4(381 669 737 385)
4(385 737 724 384)
4(161 123 634 708)
4(122 504 738 636)
4(505 639 738 504)
4(124 503 739 631)
4(504 738 739 503)
4(127 633 725 160)
4(503 739 703 353)
4(126 702 653 128)
4(128 653 740 143)
4(143 740 741 144)
4(518 144 741 648)
4(142 716 740 143)
4(160 162 649 725)
4(130 131 743 650)
4(131 145 742 743)
4(144 741 742 145)
4(130 650 741 144)
4(131 743 744 164)
4(163 164 744 651)
4(131 132 746 743)
4(132 146 745 746)
4(145 742 745 146)
4(132 746 747 165)
4(164 165 747 744)
4(132 133 749 746)
4(133 147 748 749)
4(146 745 748 147)
4(133 749 750 166)
4(165 166 750 747)
4(133 134 752 749)
4(134 148 751 752)
4(147 748 751 148)
4(134 752 753 167)
4(166 167 753 750)
4(134 135 755 752)
4(135 149 754 755)
4(148 751 754 149)
4(135 755 756 168)
4(167 168 756 753)
4(135 136 758 755)
4(136 150 757 758)
4(149 754 757 150)
4(136 758 759 169)
4(168 169 759 756)
4(136 137 761 758)
4(137 526 760 761)
4(150 757 760 526)
4(137 761 762 170)
4(169 170 762 759)
4(137 138 764 761)
4(138 151 763 764)
4(526 760 763 151)
4(138 764 765 171)
4(170 171 765 762)
4(138 153 767 764)
4(151 763 766 154)
4(153 154 766 767)
4(153 767 768 172)
4(171 172 768 765)
4(139 646 769 184)
4(184 769 770 222)
4(221 222 770 647)
4(139 155 772 646)
4(155 141 771 772)
4(140 645 771 141)
4(155 772 773 156)
4(184 156 773 769)
4(155 158 775 772)
4(141 771 774 159)
4(159 774 775 158)
4(156 157 776 773)
4(158 775 776 157)
4(141 195 777 771)
4(196 644 777 195)
4(159 194 778 774)
4(195 777 778 194)
4(143 173 779 740)
4(515 717 779 173)
4(144 174 780 741)
4(173 779 780 174)
4(145 175 781 742)
4(174 780 781 175)
4(146 176 782 745)
4(175 781 782 176)
4(147 177 783 748)
4(176 782 783 177)
4(148 178 784 751)
4(177 783 784 178)
4(149 179 785 754)
4(178 784 785 179)
4(150 180 786 757)
4(179 785 786 180)
4(526 181 787 760)
4(180 786 787 181)
4(151 182 788 763)
4(182 181 787 788)
4(154 183 789 766)
4(182 788 789 183)
4(515 350 664 717)
4(153 767 790 217)
4(172 216 791 768)
4(217 790 791 216)
4(154 766 792 218)
4(217 218 792 790)
4(183 789 793 219)
4(218 219 793 792)
4(156 773 794 187)
4(184 186 795 769)
4(187 794 795 186)
4(157 776 796 188)
4(187 188 796 794)
4(157 776 797 190)
4(188 189 798 796)
4(190 797 798 189)
4(158 775 799 191)
4(190 191 799 797)
4(159 774 800 192)
4(191 192 800 799)
4(192 193 801 800)
4(194 778 801 193)
4(162 649 802 204)
4(203 204 802 726)
4(163 651 803 205)
4(204 205 803 802)
4(164 744 804 206)
4(205 206 804 803)
4(165 747 805 207)
4(206 207 805 804)
4(166 750 806 208)
4(207 208 806 805)
4(167 753 807 209)
4(208 209 807 806)
4(168 756 808 210)
4(209 210 808 807)
4(169 759 809 211)
4(210 211 809 808)
4(170 762 810 212)
4(211 212 810 809)
4(171 765 811 213)
4(212 213 811 810)
4(172 768 812 214)
4(213 214 812 811)
4(214 215 813 812)
4(216 791 813 215)
4(173 278 674 779)
4(174 277 814 780)
4(278 674 814 277)
4(175 276 815 781)
4(277 814 815 276)
4(176 275 816 782)
4(276 815 816 275)
4(177 274 817 783)
4(275 816 817 274)
4(178 273 818 784)
4(274 817 818 273)
4(179 272 819 785)
4(273 818 819 272)
4(180 271 820 786)
4(272 819 820 271)
4(181 270 821 787)
4(271 820 821 270)
4(182 269 822 788)
4(270 821 822 269)
4(183 268 823 789)
4(269 822 823 268)
4(219 267 824 793)
4(268 823 824 267)
4(186 795 825 223)
4(222 223 825 770)
4(185 655 826 224)
4(226 223 825 658)
4(224 826 825 223)
4(224 519 827 826)
4(225 654 827 519)
4(186 795 828 227)
4(227 828 658 226)
4(187 794 829 228)
4(227 228 829 828)
4(188 796 830 229)
4(228 229 830 829)
4(189 798 831 230)
4(229 230 831 830)
4(189 798 832 232)
4(230 231 833 831)
4(232 832 833 231)
4(190 797 834 233)
4(232 233 834 832)
4(191 799 835 234)
4(233 234 835 834)
4(192 800 836 235)
4(234 235 836 835)
4(193 801 837 236)
4(235 236 837 836)
4(193 801 838 238)
4(236 237 839 837)
4(238 838 839 237)
4(194 778 840 239)
4(238 239 840 838)
4(195 777 841 240)
4(239 240 841 840)
4(196 644 842 241)
4(240 241 842 841)
4(197 642 843 242)
4(241 242 843 842)
4(198 671 844 243)
4(242 243 844 843)
4(199 730 845 244)
4(243 244 845 844)
4(200 732 846 245)
4(244 245 846 845)
4(201 710 847 246)
4(245 246 847 846)
4(202 707 848 247)
4(246 247 848 847)
4(203 726 849 248)
4(247 248 849 848)
4(204 802 850 249)
4(248 249 850 849)
4(205 803 851 250)
4(249 250 851 850)
4(206 804 852 525)
4(250 525 852 851)
4(207 805 853 251)
4(525 251 853 852)
4(208 806 854 252)
4(251 252 854 853)
4(209 807 855 253)
4(252 253 855 854)
4(210 808 856 254)
4(253 254 856 855)
4(211 809 857 255)
4(254 255 857 856)
4(212 810 858 256)
4(255 256 858 857)
4(213 811 859 257)
4(256 257 859 858)
4(214 812 860 258)
4(257 258 860 859)
4(215 813 861 259)
4(258 259 861 860)
4(215 813 862 261)
4(259 260 863 861)
4(261 862 863 260)
4(216 791 864 262)
4(261 262 864 862)
4(217 790 865 263)
4(262 263 865 864)
4(218 792 866 264)
4(263 264 866 865)
4(219 793 867 265)
4(264 265 867 866)
4(265 266 868 867)
4(267 824 868 266)
4(221 647 869 334)
4(333 334 869 666)
4(222 770 870 335)
4(334 335 870 869)
4(223 825 871 522)
4(335 522 871 870)
4(224 826 872 336)
4(522 336 872 871)
4(519 827 873 337)
4(336 337 873 872)
4(225 654 874 338)
4(338 874 873 337)
4(338 514 875 874)
4(339 657 875 514)
4(227 828 876 344)
4(343 344 876 659)
4(228 829 877 345)
4(344 345 877 876)
4(229 830 878 346)
4(345 346 878 877)
4(230 831 879 347)
4(346 347 879 878)
4(231 833 880 348)
4(347 348 880 879)
4(231 833 881 295)
4(295 881 882 349)
4(348 349 882 880)
4(232 832 883 296)
4(295 296 883 881)
4(233 834 884 297)
4(296 297 884 883)
4(234 835 885 298)
4(297 298 885 884)
4(235 836 886 299)
4(298 299 886 885)
4(236 837 887 300)
4(299 300 887 886)
4(237 839 888 301)
4(300 301 888 887)
4(237 839 889 303)
4(301 302 890 888)
4(303 889 890 302)
4(238 838 891 304)
4(303 304 891 889)
4(239 840 892 529)
4(304 529 892 891)
4(240 841 893 521)
4(529 521 893 892)
4(241 842 894 305)
4(521 305 894 893)
4(242 843 895 306)
4(305 306 895 894)
4(243 844 896 307)
4(306 307 896 895)
4(244 845 897 308)
4(307 308 897 896)
4(245 846 898 309)
4(308 309 898 897)
4(246 847 899 310)
4(309 310 899 898)
4(247 848 900 311)
4(310 311 900 899)
4(248 849 901 312)
4(311 312 901 900)
4(249 850 902 313)
4(312 313 902 901)
4(250 851 903 314)
4(313 314 903 902)
4(525 852 904 315)
4(314 315 904 903)
4(251 853 905 316)
4(316 905 904 315)
4(252 854 906 532)
4(316 532 906 905)
4(253 855 907 317)
4(532 317 907 906)
4(254 856 908 318)
4(317 318 908 907)
4(255 857 909 319)
4(318 319 909 908)
4(256 858 910 527)
4(319 527 910 909)
4(257 859 911 320)
4(527 320 911 910)
4(258 860 912 321)
4(320 321 912 911)
4(259 861 913 322)
4(321 322 913 912)
4(260 863 914 323)
4(322 323 914 913)
4(260 863 915 325)
4(323 324 916 914)
4(325 915 916 324)
4(261 862 917 326)
4(325 326 917 915)
4(262 864 918 327)
4(326 327 918 917)
4(263 865 919 328)
4(327 328 919 918)
4(264 866 920 329)
4(328 329 920 919)
4(265 867 921 330)
4(329 330 921 920)
4(266 868 922 331)
4(330 331 922 921)
4(266 868 923 294)
4(294 923 924 332)
4(331 332 924 922)
4(267 824 925 293)
4(294 293 925 923)
4(268 823 926 292)
4(293 292 926 925)
4(269 822 927 291)
4(292 291 927 926)
4(270 821 928 290)
4(291 290 928 927)
4(271 820 929 289)
4(290 289 929 928)
4(272 819 930 288)
4(289 288 930 929)
4(273 818 931 287)
4(288 287 931 930)
4(274 817 932 286)
4(287 286 932 931)
4(275 816 933 285)
4(286 285 933 932)
4(276 815 934 284)
4(285 284 934 933)
4(277 814 935 283)
4(284 283 935 934)
4(283 282 675 935)
4(361 736 936 508)
4(507 508 936 735)
4(280 475 938 672)
4(362 676 937 360)
4(475 360 937 938)
4(281 474 939 673)
4(475 938 939 474)
4(282 473 940 675)
4(474 939 940 473)
4(283 472 941 935)
4(473 940 941 472)
4(284 471 942 934)
4(472 941 942 471)
4(285 470 943 933)
4(471 942 943 470)
4(286 469 944 932)
4(470 943 944 469)
4(287 468 945 931)
4(469 944 945 468)
4(288 467 946 930)
4(468 945 946 467)
4(289 466 947 929)
4(467 946 947 466)
4(290 465 948 928)
4(466 947 948 465)
4(291 464 949 927)
4(465 948 949 464)
4(292 463 950 926)
4(464 949 950 463)
4(293 462 951 925)
4(463 950 951 462)
4(294 461 952 923)
4(462 951 952 461)
4(332 460 953 924)
4(461 952 953 460)
4(295 881 954 487)
4(349 486 955 882)
4(487 954 955 486)
4(296 883 956 488)
4(487 488 956 954)
4(297 884 957 489)
4(488 489 957 956)
4(298 885 958 490)
4(489 490 958 957)
4(299 886 959 491)
4(490 491 959 958)
4(300 887 960 492)
4(491 492 960 959)
4(301 888 961 493)
4(492 493 961 960)
4(302 890 962 494)
4(493 494 962 961)
4(302 890 963 423)
4(423 963 964 495)
4(494 495 964 962)
4(303 889 965 424)
4(423 424 965 963)
4(304 891 966 425)
4(424 425 966 965)
4(529 892 967 426)
4(425 426 967 966)
4(427 521 893 968)
4(426 427 968 967)
4(305 894 969 428)
4(428 969 968 427)
4(306 895 970 429)
4(428 429 970 969)
4(307 896 971 430)
4(429 430 971 970)
4(308 897 972 431)
4(430 431 972 971)
4(309 898 973 432)
4(431 432 973 972)
4(310 899 974 433)
4(432 433 974 973)
4(311 900 975 434)
4(433 434 975 974)
4(312 901 976 435)
4(434 435 976 975)
4(313 902 977 436)
4(435 436 977 976)
4(314 903 978 437)
4(436 437 978 977)
4(315 904 979 438)
4(437 438 979 978)
4(316 905 980 439)
4(438 439 980 979)
4(532 906 981 440)
4(439 440 981 980)
4(317 907 982 441)
4(441 982 981 440)
4(318 908 983 442)
4(441 442 983 982)
4(319 909 984 443)
4(442 443 984 983)
4(527 910 985 444)
4(443 444 985 984)
4(320 911 986 445)
4(445 986 985 444)
4(321 912 987 446)
4(445 446 987 986)
4(322 913 988 447)
4(446 447 988 987)
4(323 914 989 448)
4(447 448 989 988)
4(324 916 990 449)
4(448 449 990 989)
4(324 916 991 450)
4(449 517 992 990)
4(450 991 992 517)
4(325 915 993 451)
4(450 451 993 991)
4(326 917 994 452)
4(451 452 994 993)
4(327 918 995 453)
4(452 453 995 994)
4(328 919 996 454)
4(453 454 996 995)
4(329 920 997 455)
4(454 455 997 996)
4(330 921 998 456)
4(455 456 998 997)
4(331 922 999 457)
4(456 457 999 998)
4(332 924 1000 458)
4(457 458 1000 999)
4(458 459 1001 1000)
4(460 953 1001 459)
4(334 869 1002 380)
4(379 380 1002 667)
4(335 870 1003 378)
4(380 378 1003 1002)
4(522 871 1004 377)
4(378 377 1004 1003)
4(336 872 1005 376)
4(376 1005 1004 377)
4(337 873 1006 375)
4(376 375 1006 1005)
4(338 874 1007 374)
4(375 374 1007 1006)
4(514 875 1008 373)
4(374 373 1008 1007)
4(514 340 1009 875)
4(342 695 1009 340)
4(340 1009 1010 372)
4(372 1010 1008 373)
4(342 695 1011 371)
4(372 371 1011 1010)
4(341 694 1012 357)
4(357 1012 1011 371)
4(357 476 1013 1012)
4(477 697 1013 476)
4(344 876 1014 480)
4(479 480 1014 698)
4(345 877 1015 481)
4(480 481 1015 1014)
4(346 878 1016 482)
4(481 482 1016 1015)
4(347 879 1017 524)
4(482 524 1017 1016)
4(348 880 1018 483)
4(524 483 1018 1017)
4(349 882 1019 484)
4(483 484 1019 1018)
4(484 485 1020 1019)
4(486 955 1020 485)
4(357 369 1021 1012)
4(369 360 937 1021)
4(476 1013 937 360)
4(352 700 1022 363)
4(354 363 1022 715)
4(353 523 1024 703)
4(523 502 1023 1024)
4(503 739 1023 502)
4(363 523 1024 1022)
4(356 365 1025 712)
4(363 1022 1025 365)
4(364 365 1025 704)
4(369 1021 1026 516)
4(371 516 1026 1011)
4(362 676 1027 370)
4(369 370 1027 1021)
4(382 723 679 509)
4(508 509 679 936)
4(367 663 1028 368)
4(370 368 1028 1027)
4(365 387 1029 1025)
4(523 1024 1029 387)
4(388 387 1029 705)
4(368 392 1030 1028)
4(393 687 1030 392)
4(370 391 1031 1027)
4(392 1030 1031 391)
4(516 391 1031 1026)
4(372 394 1032 1010)
4(516 1026 1032 394)
4(373 399 1033 1008)
4(394 1032 1033 399)
4(374 404 1034 1007)
4(399 1033 1034 404)
4(375 410 1035 1006)
4(404 1034 1035 410)
4(376 412 1036 1005)
4(410 1035 1036 412)
4(377 411 1037 1004)
4(412 1036 1037 411)
4(378 408 1038 1003)
4(411 1037 1038 408)
4(380 407 1039 1002)
4(408 1038 1039 407)
4(403 407 1039 668)
4(385 409 1040 737)
4(403 668 1040 409)
4(383 722 678 528)
4(384 724 680 413)
4(413 409 1040 680)
4(387 501 1041 1029)
4(501 502 1023 1041)
4(388 500 1042 705)
4(501 1041 1042 500)
4(391 1031 1043 396)
4(396 1043 1032 394)
4(500 1042 682 390)
4(500 1042 693 499)
4(392 1030 1044 397)
4(396 397 1044 1043)
4(397 398 685 1044)
4(396 1043 1045 400)
4(399 400 1045 1033)
4(397 1044 692 401)
4(400 401 692 1045)
4(400 1045 1046 405)
4(404 405 1046 1034)
4(405 406 691 1046)
4(407 1039 1047 414)
4(409 414 1047 1040)
4(405 1046 1048 520)
4(410 520 1048 1035)
4(520 418 690 1048)
4(408 1038 1049 415)
4(414 415 1049 1047)
4(411 1037 1050 416)
4(415 416 1050 1049)
4(414 1047 681 419)
4(412 417 1051 1036)
4(520 1048 1051 417)
4(416 417 1051 1050)
4(417 422 1052 1051)
4(422 418 690 1052)
4(415 1049 1053 420)
4(419 420 1053 681)
4(416 1050 1054 421)
4(420 421 1054 1053)
4(421 422 1052 1054)
4(422 496 1055 1052)
4(497 688 1055 496)
4(420 1053 1056 511)
4(510 511 1056 677)
4(421 1054 1057 512)
4(511 512 1057 1056)
4(512 496 1055 1057)
4(15 423 963 571)
4(14 572 964 495)
4(16 424 965 570)
4(17 425 966 569)
4(18 426 967 568)
4(19 427 968 567)
4(20 428 969 566)
4(21 429 970 565)
4(22 430 971 564)
4(23 431 972 563)
4(24 432 973 562)
4(25 433 974 561)
4(26 434 975 560)
4(27 435 976 559)
4(28 436 977 558)
4(29 437 978 557)
4(30 438 979 556)
4(31 439 980 555)
4(32 440 981 554)
4(33 441 982 553)
4(34 442 983 552)
4(35 443 984 551)
4(36 444 985 550)
4(37 445 986 549)
4(38 446 987 548)
4(39 447 988 547)
4(40 448 989 546)
4(41 449 990 545)
4(42 517 992 544)
4(44 517 992 583)
4(45 450 991 582)
4(46 451 993 581)
4(47 452 994 580)
4(48 453 995 579)
4(49 454 996 578)
4(50 455 997 577)
4(51 456 998 576)
4(52 457 999 575)
4(53 458 1000 574)
4(54 459 1001 573)
4(72 459 1001 602)
4(73 460 953 603)
4(74 461 952 604)
4(75 462 951 605)
4(76 463 950 606)
4(77 464 949 607)
4(78 465 948 608)
4(79 466 947 609)
4(80 467 946 610)
4(81 468 945 611)
4(82 469 944 612)
4(83 470 943 613)
4(84 471 942 614)
4(85 472 941 615)
4(86 473 940 616)
4(87 474 939 617)
4(88 475 938 618)
4(89 360 937 619)
4(90 476 1013 620)
4(91 477 697 621)
4(92 478 696 622)
4(93 479 698 623)
4(94 480 1014 624)
4(95 481 1015 625)
4(96 482 1016 626)
4(97 524 1017 627)
4(98 483 1018 628)
4(99 484 1019 629)
4(100 485 1020 630)
4(2 485 1020 543)
4(3 486 955 542)
4(4 487 954 541)
4(5 488 956 540)
4(6 489 957 539)
4(7 490 958 538)
4(8 491 959 537)
4(9 492 960 536)
4(10 493 961 535)
4(11 494 962 534)
4(12 495 964 533)
4(65 496 1055 595)
4(64 594 1057 512)
4(66 497 688 596)
4(67 498 689 597)
4(68 499 693 598)
4(69 500 1042 599)
4(70 501 1041 600)
4(71 502 1023 601)
4(55 503 739 584)
4(56 504 738 585)
4(57 505 639 586)
4(58 506 637 587)
4(59 507 735 588)
4(60 508 936 589)
4(105 511 1056 593)
4(43 72 602 104)
4(0 101 630 100)
4(72 73 603 602)
4(73 74 604 603)
4(74 75 605 604)
4(75 76 606 605)
4(76 77 607 606)
4(77 78 608 607)
4(78 79 609 608)
4(79 80 610 609)
4(80 81 611 610)
4(81 82 612 611)
4(82 83 613 612)
4(83 84 614 613)
4(84 85 615 614)
4(85 86 616 615)
4(86 87 617 616)
4(87 88 618 617)
4(88 89 619 618)
4(89 90 620 619)
4(90 91 621 620)
4(91 92 622 621)
4(92 93 623 622)
4(93 94 624 623)
4(94 95 625 624)
4(95 96 626 625)
4(96 97 627 626)
4(97 98 628 627)
4(98 99 629 628)
4(99 100 630 629)
4(1 102 533 12)
4(0 2 543 101)
4(11 12 533 534)
4(10 11 534 535)
4(9 10 535 536)
4(8 9 536 537)
4(7 8 537 538)
4(6 7 538 539)
4(5 6 539 540)
4(4 5 540 541)
4(3 4 541 542)
4(2 3 542 543)
4(55 56 585 584)
4(56 57 586 585)
4(57 58 587 586)
4(58 59 588 587)
4(59 60 589 588)
4(60 61 590 589)
4(61 62 591 590)
4(62 63 592 591)
4(55 584 601 71)
4(64 65 595 594)
4(65 66 596 595)
4(66 67 597 596)
4(67 68 598 597)
4(68 69 599 598)
4(69 70 600 599)
4(70 71 601 600)
4(63 105 593 592)
4(64 594 593 105)
4(13 44 583 103)
4(43 104 573 54)
4(53 54 573 574)
4(52 53 574 575)
4(51 52 575 576)
4(50 51 576 577)
4(49 50 577 578)
4(48 49 578 579)
4(47 48 579 580)
4(46 47 580 581)
4(45 46 581 582)
4(44 45 582 583)
4(108 115 116 114)
4(121 122 124 123)
4(125 126 128 129)
4(126 142 143 128)
4(120 121 123 161)
4(130 144 145 131)
4(131 145 146 132)
4(132 146 147 133)
4(133 147 148 134)
4(134 148 149 135)
4(135 149 150 136)
4(139 140 141 155)
4(123 127 160 161)
4(127 129 162 160)
4(138 151 154 153)
4(130 131 164 163)
4(131 132 165 164)
4(132 133 166 165)
4(133 134 167 166)
4(134 135 168 167)
4(141 159 158 155)
4(135 136 169 168)
4(136 137 170 169)
4(155 158 157 156)
4(137 138 171 170)
4(118 120 161 202)
4(138 153 172 171)
4(143 173 174 144)
4(144 174 175 145)
4(139 155 156 184)
4(145 175 176 146)
4(112 113 199 198)
4(146 176 177 147)
4(147 177 178 148)
4(110 117 201 200)
4(148 178 179 149)
4(149 179 180 150)
4(117 118 202 201)
4(151 182 183 154)
4(140 196 195 141)
4(156 157 188 187)
4(141 195 194 159)
4(157 158 191 190)
4(158 159 192 191)
4(156 187 186 184)
4(157 190 189 188)
4(160 203 202 161)
4(159 194 193 192)
4(160 162 204 203)
4(162 163 205 204)
4(139 221 220 140)
4(163 164 206 205)
4(112 198 197 220)
4(164 165 207 206)
4(165 166 208 207)
4(166 167 209 208)
4(153 154 218 217)
4(167 168 210 209)
4(168 169 211 210)
4(140 220 197 196)
4(169 170 212 211)
4(153 217 216 172)
4(170 171 213 212)
4(171 172 214 213)
4(139 184 222 221)
4(154 183 219 218)
4(1 12 495 14)
4(172 216 215 214)
4(184 186 223 222)
4(186 187 228 227)
4(187 188 229 228)
4(188 189 230 229)
4(0 100 485 2)
4(107 142 126 351)
4(189 190 233 232)
4(190 191 234 233)
4(185 224 223 226)
4(191 192 235 234)
4(43 54 459 72)
4(186 227 226 223)
4(192 193 236 235)
4(193 194 239 238)
4(194 195 240 239)
4(195 196 241 240)
4(189 232 231 230)
4(196 197 242 241)
4(197 198 243 242)
4(198 199 244 243)
4(199 200 245 244)
4(13 42 517 44)
4(200 201 246 245)
4(193 238 237 236)
4(201 202 247 246)
4(202 203 248 247)
4(203 204 249 248)
4(204 205 250 249)
4(207 208 252 251)
4(182 269 268 183)
4(181 270 269 182)
4(180 271 270 181)
4(179 272 271 180)
4(178 273 272 179)
4(208 209 253 252)
4(177 274 273 178)
4(176 275 274 177)
4(175 276 275 176)
4(174 277 276 175)
4(173 278 277 174)
4(209 210 254 253)
4(210 211 255 254)
4(211 212 256 255)
4(106 339 225 185)
4(212 213 257 256)
4(213 214 258 257)
4(106 185 226 343)
4(183 268 267 219)
4(214 215 259 258)
4(215 216 262 261)
4(216 217 263 262)
4(110 111 361 279)
4(217 218 264 263)
4(218 219 265 264)
4(215 261 260 259)
4(219 267 266 265)
3(109 119 531)
4(15 423 424 16)
4(125 352 351 126)
4(16 424 425 17)
3(130 518 144)
4(17 425 426 18)
4(18 426 427 19)
4(19 427 428 20)
4(107 356 355 152)
4(20 428 429 21)
4(21 429 430 22)
4(22 430 431 23)
4(23 431 432 24)
4(24 432 433 25)
4(231 232 296 295)
4(111 115 382 361)
4(25 433 434 26)
4(232 233 297 296)
4(26 434 435 27)
4(233 234 298 297)
4(27 435 436 28)
4(234 235 299 298)
4(28 436 437 29)
4(111 513 116 115)
4(118 119 506 120)
4(113 114 116 513)
4(235 236 300 299)
4(108 383 382 115)
4(29 437 438 30)
4(108 114 384 383)
4(236 237 301 300)
4(112 381 385 113)
4(30 438 439 31)
4(113 385 384 114)
4(31 439 440 32)
4(237 238 304 303)
4(32 440 441 33)
4(33 441 442 34)
4(34 442 443 35)
4(241 242 306 305)
4(35 443 444 36)
4(277 278 282 283)
4(276 277 283 284)
4(242 243 307 306)
4(275 276 284 285)
4(274 275 285 286)
4(273 274 286 287)
4(36 444 445 37)
4(272 273 287 288)
4(271 272 288 289)
4(243 244 308 307)
4(270 271 289 290)
4(269 270 290 291)
4(268 269 291 292)
4(37 445 446 38)
4(267 268 292 293)
4(266 267 293 294)
4(244 245 309 308)
4(117 531 119 118)
4(38 446 447 39)
4(245 246 310 309)
4(39 447 448 40)
4(246 247 311 310)
4(112 220 333 381)
4(40 448 449 41)
4(247 248 312 311)
4(107 152 515 142)
4(123 124 530 127)
4(248 249 313 312)
4(249 250 314 313)
4(125 129 127 530)
4(220 221 334 333)
4(14 495 423 15)
4(45 450 451 46)
4(237 303 302 301)
4(110 200 513 111)
4(221 222 335 334)
4(46 451 452 47)
4(128 143 144 518)
4(47 452 453 48)
4(128 518 162 129)
4(48 453 454 49)
4(253 254 318 317)
4(2 485 486 3)
4(49 454 455 50)
4(254 255 319 318)
4(3 486 487 4)
4(50 455 456 51)
4(106 341 342 339)
4(4 487 488 5)
4(51 456 457 52)
4(136 150 526 137)
4(257 258 321 320)
4(5 488 489 6)
4(137 526 151 138)
4(52 457 458 53)
4(258 259 322 321)
4(6 489 490 7)
4(53 458 459 54)
4(226 227 344 343)
4(259 260 323 322)
4(88 475 360 89)
4(7 490 491 8)
4(142 515 173 143)
4(227 228 345 344)
4(130 163 162 518)
4(89 360 476 90)
4(8 491 492 9)
4(228 229 346 345)
4(9 492 493 10)
4(260 261 326 325)
4(229 230 347 346)
4(10 493 494 11)
4(261 262 327 326)
4(230 231 348 347)
4(11 494 495 12)
4(262 263 328 327)
4(263 264 329 328)
4(264 265 330 329)
4(265 266 331 330)
4(107 351 354 356)
4(72 459 460 73)
4(73 460 461 74)
4(74 461 462 75)
4(113 513 200 199)
4(75 462 463 76)
4(278 350 281 282)
4(76 463 464 77)
4(77 464 465 78)
4(78 465 466 79)
4(266 294 332 331)
4(260 325 324 323)
4(79 466 467 80)
4(150 180 181 526)
4(80 467 468 81)
4(151 526 181 182)
4(41 449 517 42)
4(110 279 531 117)
4(81 468 469 82)
4(231 295 349 348)
4(44 517 450 45)
4(82 469 470 83)
4(83 470 471 84)
4(84 471 472 85)
4(85 472 473 86)
4(86 473 474 87)
4(87 474 475 88)
4(90 476 477 91)
4(91 477 478 92)
4(92 478 479 93)
4(65 496 497 66)
4(55 503 504 56)
4(93 479 480 94)
4(66 497 498 67)
4(56 504 505 57)
4(280 281 350 359)
4(94 480 481 95)
4(67 498 499 68)
4(57 505 506 58)
4(55 71 502 503)
4(95 481 482 96)
4(68 499 500 69)
4(152 355 386 358)
4(58 506 507 59)
4(69 500 501 70)
4(59 507 508 60)
4(70 501 502 71)
4(60 508 509 61)
4(98 483 484 99)
4(64 512 496 65)
4(99 484 485 100)
4(185 225 519 224)
4(61 509 528 62)
4(62 528 510 63)
4(63 510 511 105)
4(64 105 511 512)
4(205 206 525 250)
4(206 207 251 525)
4(96 482 524 97)
4(97 524 483 98)
4(280 359 367 362)
4(109 507 506 119)
4(121 505 504 122)
4(122 504 503 124)
4(120 506 505 121)
4(341 357 371 342)
4(351 352 363 354)
4(340 342 371 372)
4(337 338 374 375)
4(336 337 375 376)
4(354 363 365 356)
4(355 356 365 364)
4(333 334 380 379)
4(334 335 378 380)
4(222 223 522 335)
4(223 224 336 522)
4(240 241 305 521)
4(173 515 350 278)
4(360 362 370 369)
4(362 367 368 370)
4(350 358 386 359)
4(238 239 529 304)
4(355 364 366 386)
4(359 386 366 367)
4(302 303 424 423)
4(106 478 477 341)
4(303 304 425 424)
4(251 252 532 316)
4(255 256 527 319)
4(106 343 479 478)
4(252 253 317 532)
4(256 257 320 527)
4(125 530 353 352)
4(152 358 350 515)
4(364 365 387 388)
4(364 388 389 366)
4(305 306 429 428)
4(333 379 403 381)
4(306 307 430 429)
4(307 308 431 430)
4(366 389 393 367)
4(308 309 432 431)
4(367 393 392 368)
4(368 392 391 370)
4(309 310 433 432)
4(310 311 434 433)
4(311 312 435 434)
4(250 525 315 314)
4(225 339 514 338)
4(251 316 315 525)
4(312 313 436 435)
4(224 519 337 336)
4(313 314 437 436)
4(372 394 399 373)
4(225 338 337 519)
4(314 315 438 437)
4(315 316 439 438)
4(280 362 360 475)
4(373 399 404 374)
4(109 531 279 507)
4(317 318 442 441)
4(318 319 443 442)
4(389 390 398 393)
4(293 462 461 294)
4(292 463 462 293)
4(374 404 410 375)
4(391 392 397 396)
4(291 464 463 292)
4(290 465 464 291)
4(289 466 465 290)
4(379 380 407 403)
4(288 467 466 289)
4(287 468 467 288)
4(320 321 446 445)
4(392 393 398 397)
4(286 469 468 287)
4(285 470 469 286)
4(284 471 470 285)
4(378 408 407 380)
4(283 472 471 284)
4(282 473 472 283)
4(321 322 447 446)
4(281 474 473 282)
4(280 475 474 281)
4(375 410 412 376)
4(377 411 408 378)
4(390 395 402 398)
4(381 403 409 385)
4(322 323 448 447)
4(376 412 411 377)
4(394 396 400 399)
4(323 324 449 448)
4(396 397 401 400)
4(397 398 402 401)
4(324 325 451 450)
4(384 385 409 413)
4(325 326 452 451)
4(294 461 460 332)
4(326 327 453 452)
4(399 400 405 404)
4(327 328 454 453)
4(400 401 406 405)
4(328 329 455 454)
4(329 330 456 455)
4(330 331 457 456)
4(331 332 458 457)
4(357 476 360 369)
4(124 503 353 530)
4(403 407 414 409)
4(339 342 340 514)
4(295 296 488 487)
4(239 240 521 529)
4(296 297 489 488)
4(407 408 415 414)
4(297 298 490 489)
4(408 411 416 415)
4(298 299 491 490)
4(411 412 417 416)
4(299 300 492 491)
4(409 414 419 413)
4(300 301 493 492)
4(301 302 494 493)
4(414 415 420 419)
4(415 416 421 420)
4(416 417 422 421)
4(295 487 486 349)
4(338 514 373 374)
4(340 372 373 514)
4(352 353 523 363)
4(343 344 480 479)
4(341 477 476 357)
4(357 369 516 371)
4(344 345 481 480)
4(336 376 377 522)
4(335 522 377 378)
4(345 346 482 481)
4(348 349 484 483)
4(363 523 387 365)
4(369 370 391 516)
4(279 361 508 507)
4(388 500 390 389)
4(332 460 459 458)
4(371 516 394 372)
4(305 428 427 521)
4(401 402 498 406)
4(302 423 495 494)
4(304 529 426 425)
4(391 396 394 516)
4(346 347 524 482)
4(347 348 483 524)
4(383 384 413 528)
4(324 450 517 449)
4(316 532 440 439)
4(404 405 520 410)
4(319 527 444 443)
4(317 441 440 532)
4(320 445 444 527)
4(361 382 509 508)
4(405 406 418 520)
4(387 501 500 388)
4(410 520 417 412)
4(390 500 499 395)
4(349 486 485 484)
4(395 499 498 402)
4(417 520 418 422)
4(406 498 497 418)
4(382 383 528 509)
4(418 497 496 422)
4(421 422 496 512)
4(419 420 511 510)
4(420 421 512 511)
4(413 419 510 528)
4(353 503 502 523)
4(426 529 521 427)
4(387 523 502 501)
3(650 741 648)
3(734 711 641)
4(586 587 637 639)
4(102 572 964 533)
4(634 633 632 631)
4(635 634 631 636)
4(638 635 639 637)
4(640 638 637 641)
4(103 583 992 544)
4(591 592 677 678)
4(590 591 678 679)
4(645 644 642 643)
4(646 645 643 647)
4(650 648 649 651)
4(653 652 649 648)
4(596 597 689 688)
4(597 598 693 689)
4(656 655 654 657)
4(104 602 1001 573)
4(587 588 735 637)
4(585 586 639 738)
4(656 659 658 655)
4(670 643 642 671)
4(661 663 662 660)
4(101 543 1020 630)
4(664 661 660 665)
4(699 632 633 652)
4(670 669 666 643)
4(638 708 634 635)
4(621 622 696 697)
4(622 623 698 696)
4(666 669 668 667)
4(672 661 664 673)
4(672 676 663 661)
4(674 675 673 664)
4(633 725 649 652)
4(662 663 687 686)
4(584 585 738 739)
4(635 636 738 639)
4(680 678 677 681)
4(656 657 695 694)
4(640 707 708 638)
4(656 696 698 659)
4(699 652 653 702)
4(709 640 641 711)
4(682 685 684 683)
4(634 708 725 633)
4(686 687 685 682)
4(699 700 703 632)
4(706 660 662 704)
4(656 694 697 696)
4(683 684 689 693)
4(631 632 703 739)
4(692 691 689 684)
4(691 690 688 689)
4(713 665 660 706)
4(704 662 686 705)
4(709 710 707 640)
4(713 717 664 665)
4(734 641 637 735)
4(636 631 739 738)
4(699 702 701 700)
4(653 648 741 740)
4(723 679 678 722)
4(670 671 730 727)
4(722 678 680 724)
4(650 651 744 743)
4(670 727 737 669)
4(714 701 702 716)
4(702 653 740 716)
4(714 712 715 701)
4(714 713 706 712)
4(714 716 717 713)
4(725 708 707 726)
4(721 720 719 718)
4(646 647 770 769)
4(646 772 771 645)
4(721 718 723 722)
4(721 722 724 720)
4(779 674 664 717)
4(731 732 710 709)
4(645 771 777 644)
4(731 709 711 733)
4(650 743 742 741)
4(727 728 719 720)
4(729 718 719 728)
4(729 736 723 718)
4(727 720 724 737)
4(734 735 733 711)
4(727 730 732 728)
4(731 729 728 732)
4(731 733 736 729)
4(643 666 869 647)
4(725 726 802 649)
4(649 802 803 651)
4(743 746 745 742)
4(743 744 747 746)
4(589 590 679 936)
4(716 740 779 717)
4(646 769 773 772)
4(746 749 748 745)
4(746 747 750 749)
4(749 752 751 748)
4(749 750 753 752)
4(752 755 754 751)
4(752 753 756 755)
4(755 758 757 754)
4(588 589 936 735)
4(755 756 759 758)
4(655 826 827 654)
4(655 658 825 826)
4(758 761 760 757)
4(758 759 762 761)
4(651 803 804 744)
4(761 764 763 760)
4(644 842 843 642)
4(761 762 765 764)
4(740 741 780 779)
4(741 742 781 780)
4(764 767 766 763)
4(764 765 768 767)
4(742 745 782 781)
4(745 748 783 782)
4(642 843 844 671)
4(748 751 784 783)
4(751 754 785 784)
4(779 780 814 674)
4(771 772 775 774)
4(754 757 786 785)
4(772 773 776 775)
4(757 760 787 786)
4(771 774 778 777)
4(763 788 787 760)
4(763 766 789 788)
4(658 659 876 828)
4(744 804 805 747)
4(767 768 791 790)
4(767 790 792 766)
4(747 805 806 750)
4(750 806 807 753)
4(773 769 795 794)
4(753 807 808 756)
4(766 792 793 789)
4(795 825 658 828)
4(773 794 796 776)
4(671 844 845 730)
4(654 874 875 657)
4(756 808 809 759)
4(776 797 799 775)
4(777 841 842 644)
4(542 541 954 955)
4(541 540 956 954)
4(775 799 800 774)
4(540 539 957 956)
4(759 809 810 762)
4(539 538 958 957)
4(538 537 959 958)
4(537 536 960 959)
4(536 535 961 960)
4(774 800 801 778)
4(535 534 962 961)
4(534 533 964 962)
4(762 810 811 765)
4(710 847 848 707)
4(620 621 697 1013)
4(776 796 798 797)
4(765 811 812 768)
4(584 739 1023 601)
4(623 624 1014 698)
4(598 599 1042 693)
4(592 593 1056 677)
4(707 848 849 726)
4(732 846 847 710)
4(769 770 825 795)
4(595 596 688 1055)
4(768 812 813 791)
4(730 845 846 732)
4(780 781 815 814)
4(781 782 816 815)
4(736 936 679 723)
4(782 783 817 816)
4(783 784 818 817)
4(784 785 819 818)
4(647 869 870 770)
4(785 786 820 819)
4(814 935 675 674)
4(572 571 963 964)
4(571 570 965 963)
4(786 787 821 820)
4(570 569 966 965)
4(569 568 967 966)
4(568 567 968 967)
4(567 566 969 968)
4(787 788 822 821)
4(566 565 970 969)
4(565 564 971 970)
4(564 563 972 971)
4(563 562 973 972)
4(562 561 974 973)
4(788 789 823 822)
4(561 560 975 974)
4(560 559 976 975)
4(559 558 977 976)
4(558 557 978 977)
4(557 556 979 978)
4(556 555 980 979)
4(618 619 937 938)
4(555 554 981 980)
4(617 618 938 939)
4(554 553 982 981)
4(616 617 939 940)
4(789 793 824 823)
4(553 552 983 982)
4(615 616 940 941)
4(552 551 984 983)
4(614 615 941 942)
4(551 550 985 984)
4(613 614 942 943)
4(550 549 986 985)
4(612 613 943 944)
4(549 548 987 986)
4(611 612 944 945)
4(548 547 988 987)
4(610 611 945 946)
4(547 546 989 988)
4(609 610 946 947)
4(546 545 990 989)
4(608 609 947 948)
4(607 608 948 949)
4(606 607 949 950)
4(545 544 992 990)
4(605 606 950 951)
4(604 605 951 952)
4(603 604 952 953)
4(795 828 829 794)
4(733 735 936 736)
4(778 840 841 777)
4(726 849 850 802)
4(794 829 830 796)
4(543 542 955 1020)
4(796 830 831 798)
4(798 832 834 797)
4(801 838 840 778)
4(797 834 835 799)
4(654 827 873 874)
4(799 835 836 800)
4(800 836 837 801)
4(798 831 833 832)
4(583 582 991 992)
4(582 581 993 991)
4(682 683 693 1042)
4(581 580 994 993)
4(580 579 995 994)
4(579 578 996 995)
4(578 577 997 996)
4(577 576 998 997)
4(576 575 999 998)
4(575 574 1000 999)
4(1044 692 684 685)
4(574 573 1001 1000)
4(801 837 839 838)
4(669 737 1040 668)
4(802 850 851 803)
4(705 686 682 1042)
4(701 715 1022 700)
4(602 603 953 1001)
4(672 938 937 676)
4(672 673 939 938)
4(803 851 852 804)
4(804 852 853 805)
4(673 675 940 939)
4(805 853 854 806)
4(706 704 1025 712)
4(791 864 865 790)
4(806 854 855 807)
4(790 865 866 792)
4(807 855 856 808)
4(792 866 867 793)
4(808 856 857 809)
4(809 857 858 810)
4(813 862 864 791)
4(810 858 859 811)
4(811 859 860 812)
4(619 620 1013 937)
4(666 667 1002 869)
4(812 860 861 813)
4(770 870 871 825)
4(793 867 868 824)
4(724 680 1040 737)
4(657 875 1009 695)
4(659 698 1014 876)
4(813 861 863 862)
4(825 871 872 826)
4(826 872 873 827)
4(828 876 877 829)
4(829 877 878 830)
4(624 625 1015 1014)
4(830 878 879 831)
4(625 626 1016 1015)
4(831 879 880 833)
4(626 627 1017 1016)
4(600 601 1023 1041)
4(627 628 1018 1017)
4(833 881 883 832)
4(628 629 1019 1018)
4(832 883 884 834)
4(629 630 1020 1019)
4(834 884 885 835)
4(599 600 1041 1042)
4(835 885 886 836)
4(836 886 887 837)
4(837 887 888 839)
4(839 889 891 838)
4(838 891 892 840)
4(594 1057 1056 593)
4(833 880 882 881)
4(594 595 1055 1057)
4(840 892 893 841)
4(841 893 894 842)
4(842 894 895 843)
4(843 895 896 844)
4(844 896 897 845)
4(845 897 898 846)
4(846 898 899 847)
4(847 899 900 848)
4(839 888 890 889)
4(848 900 901 849)
4(849 901 902 850)
4(850 902 903 851)
4(851 903 904 852)
4(667 668 1039 1002)
4(853 852 904 905)
4(676 1027 1028 663)
4(853 905 906 854)
4(824 925 926 823)
4(694 695 1011 1012)
4(823 926 927 822)
4(822 927 928 821)
4(821 928 929 820)
4(820 929 930 819)
4(854 906 907 855)
4(819 930 931 818)
4(694 1012 1013 697)
4(818 931 932 817)
4(817 932 933 816)
4(816 933 934 815)
4(675 935 941 940)
4(815 934 935 814)
4(855 907 908 856)
4(663 1028 1030 687)
4(856 908 909 857)
4(857 909 910 858)
4(858 910 911 859)
4(859 911 912 860)
4(860 912 913 861)
4(861 913 914 863)
4(868 923 925 824)
4(700 1022 1024 703)
4(863 915 917 862)
4(862 917 918 864)
4(864 918 919 865)
4(865 919 920 866)
4(1030 1044 685 687)
4(704 705 1029 1025)
4(866 920 921 867)
4(1040 680 681 1047)
4(715 712 1025 1022)
4(867 921 922 868)
4(703 1024 1023 739)
4(1045 1046 691 692)
4(1046 1048 690 691)
4(681 677 1056 1053)
4(863 914 916 915)
4(690 1052 1055 688)
4(868 922 924 923)
4(881 882 955 954)
4(881 954 956 883)
4(883 956 957 884)
4(884 957 958 885)
4(885 958 959 886)
4(886 959 960 887)
4(887 960 961 888)
4(888 961 962 890)
4(890 963 965 889)
4(889 965 966 891)
4(891 966 967 892)
4(967 968 893 892)
4(937 1021 1027 676)
4(894 893 968 969)
4(935 934 942 941)
4(934 933 943 942)
4(933 932 944 943)
4(932 931 945 944)
4(931 930 946 945)
4(894 969 970 895)
4(930 929 947 946)
4(929 928 948 947)
4(928 927 949 948)
4(927 926 950 949)
4(926 925 951 950)
4(925 923 952 951)
4(895 970 971 896)
4(923 924 953 952)
4(896 971 972 897)
4(897 972 973 898)
4(898 973 974 899)
4(899 974 975 900)
4(900 975 976 901)
4(901 976 977 902)
4(1009 1010 1011 695)
4(902 977 978 903)
4(890 962 964 963)
4(903 978 979 904)
4(869 1002 1003 870)
4(904 979 980 905)
4(870 1003 1004 871)
4(905 980 981 906)
4(872 871 1004 1005)
4(907 906 981 982)
4(872 1005 1006 873)
4(907 982 983 908)
4(873 1006 1007 874)
4(908 983 984 909)
4(874 1007 1008 875)
4(909 984 985 910)
4(911 910 985 986)
4(911 986 987 912)
4(912 987 988 913)
4(913 988 989 914)
4(876 1014 1015 877)
4(914 989 990 916)
4(877 1015 1016 878)
4(878 1016 1017 879)
4(916 991 993 915)
4(879 1017 1018 880)
4(915 993 994 917)
4(880 1018 1019 882)
4(917 994 995 918)
4(918 995 996 919)
4(919 996 997 920)
4(920 997 998 921)
4(921 998 999 922)
4(668 1040 1047 1039)
4(922 999 1000 924)
4(1029 705 1042 1041)
4(1043 1045 692 1044)
4(924 1000 1001 953)
4(916 990 992 991)
4(1047 681 1053 1049)
4(1051 1052 690 1048)
4(882 1019 1020 955)
4(1009 875 1008 1010)
4(1012 1021 937 1013)
4(1012 1011 1026 1021)
4(1011 1010 1032 1026)
4(1010 1008 1033 1032)
4(1008 1007 1034 1033)
4(1007 1006 1035 1034)
4(1006 1005 1036 1035)
4(1005 1004 1037 1036)
4(1004 1003 1038 1037)
4(1003 1002 1039 1038)
4(1022 1025 1029 1024)
4(1021 1026 1031 1027)
4(1028 1027 1031 1030)
4(1029 1041 1023 1024)
4(1031 1026 1032 1043)
4(1031 1043 1044 1030)
4(1032 1033 1045 1043)
4(1033 1034 1046 1045)
4(1034 1035 1048 1046)
4(1035 1036 1051 1048)
4(1039 1047 1049 1038)
4(1038 1049 1050 1037)
4(1037 1050 1051 1036)
4(1049 1053 1054 1050)
4(1050 1054 1052 1051)
4(1054 1057 1055 1052)
4(1053 1056 1057 1054)
4(13 103 544 42)
4(1 14 572 102)
4(41 42 544 545)
4(40 41 545 546)
4(39 40 546 547)
4(38 39 547 548)
4(37 38 548 549)
4(36 37 549 550)
4(35 36 550 551)
4(34 35 551 552)
4(33 34 552 553)
4(32 33 553 554)
4(31 32 554 555)
4(30 31 555 556)
4(29 30 556 557)
4(28 29 557 558)
4(27 28 558 559)
4(26 27 559 560)
4(25 26 560 561)
4(24 25 561 562)
4(23 24 562 563)
4(22 23 563 564)
4(21 22 564 565)
4(20 21 565 566)
4(19 20 566 567)
4(18 19 567 568)
4(17 18 568 569)
4(16 17 569 570)
4(15 16 570 571)
4(14 15 571 572)
)


// ************************************************************************* //
