/*--------------------------------*- C++ -*----------------------------------*\
| =========                 |                                                 |
| \\      /  F ield         | OpenFOAM: The Open Source CFD Toolbox           |
|  \\    /   O peration     | Version:  2.4.0                                 |
|   \\  /    A nd           | Web:      www.OpenFOAM.org                      |
|    \\/     M anipulation  |                                                 |
\*---------------------------------------------------------------------------*/
FoamFile
{
    version     2.0;
    format      ascii;
    class       labelList;
    note        "nPoints:1058  nCells:479  nFaces:1966  nInternalFaces:906";
    location    "constant/polyMesh";
    object      neighbour;
}
// * * * * * * * * * * * * * * * * * * * * * * * * * * * * * * * * * * * * * //


906
(
1
34
63
64
60
61
62
3
60
61
471
35
37
54
5
14
92
155
87
88
180
7
70
116
477
65
66
68
9
26
141
186
28
140
187
11
17
32
33
15
42
105
13
306
348
349
14
58
180
49
156
16
17
246
127
243
247
245
334
19
20
475
350
474
351
370
378
22
25
357
362
33
356
359
24
367
377
463
25
362
364
357
464
27
313
316
28
317
440
318
441
30
40
65
326
34
64
328
32
33
336
356
42
330
337
65
68
36
46
60
37
52
160
53
478
39
41
42
330
40
326
329
41
67
94
105
105
44
45
47
48
45
56
350
59
351
63
115
161
48
51
59
50
56
51
58
157
51
52
57
158
53
159
55
57
55
472
478
244
478
57
333
244
59
349
352
63
62
470
64
469
68
327
67
67
95
477
94
115
70
71
96
477
72
117
72
73
97
74
118
74
75
98
76
119
76
77
99
78
120
78
79
100
80
121
80
81
101
82
122
82
83
102
84
123
84
85
103
86
124
86
104
107
106
125
89
139
181
89
90
92
91
109
91
93
113
110
112
93
154
114
153
95
127
96
128
97
129
98
130
99
131
100
132
101
133
102
134
103
135
104
136
108
137
127
107
126
176
108
177
138
178
110
139
143
111
144
112
145
147
113
148
114
149
150
152
116
162
117
163
118
164
119
165
120
166
121
167
122
168
123
169
124
170
125
171
126
172
173
175
128
129
243
130
242
131
241
132
240
133
239
134
238
135
237
136
236
137
235
138
234
179
233
142
182
141
142
183
184
185
143
187
144
188
145
189
146
190
147
191
193
148
194
149
195
150
196
151
197
152
198
200
153
201
154
202
155
203
156
204
157
205
158
206
159
207
160
208
161
209
162
210
163
211
164
212
165
213
166
214
167
215
168
216
169
217
170
218
171
219
172
220
173
221
174
222
175
223
225
176
226
177
227
178
228
179
229
230
232
181
306
182
307
183
308
184
309
185
310
186
311
312
313
188
318
189
319
190
320
191
321
192
322
193
261
323
194
262
195
263
196
264
197
265
198
266
199
267
200
268
270
201
271
202
272
203
273
204
274
205
275
206
276
207
277
208
278
209
279
210
280
211
281
212
282
213
283
214
284
215
285
216
286
217
287
218
288
219
289
220
290
221
291
222
292
223
293
224
294
225
295
297
226
298
227
299
228
300
229
301
230
302
231
303
232
260
304
233
259
234
258
235
257
236
256
237
255
238
254
239
253
240
252
241
251
242
250
243
249
248
333
473
246
332
437
247
436
248
435
249
434
250
433
251
432
252
431
253
430
254
429
255
428
256
427
257
426
258
425
259
424
260
423
305
422
262
324
451
263
452
264
453
265
454
266
455
267
456
268
457
269
458
270
381
459
271
382
272
383
273
384
274
385
275
386
276
387
277
388
278
389
279
390
280
391
281
392
282
393
283
394
284
395
285
396
286
397
287
398
288
399
289
400
290
401
291
402
292
403
293
404
294
405
295
406
296
407
297
408
410
298
411
299
412
300
413
301
414
302
415
303
416
304
417
305
418
419
421
307
348
308
347
309
346
310
345
311
344
312
343
314
342
314
315
315
341
316
340
317
331
325
439
319
442
320
443
321
444
322
445
323
446
324
447
448
450
331
332
438
328
329
328
353
468
335
330
335
336
339
340
334
339
350
474
337
338
336
353
354
338
359
339
358
355
341
355
342
360
343
363
344
366
345
371
346
372
347
369
348
368
365
352
365
351
352
370
354
467
356
466
358
360
357
465
359
361
362
361
363
362
364
364
366
367
368
370
367
371
373
369
374
372
375
374
372
373
376
376
377
375
378
376
379
380
380
462
379
475
380
476
461
382
460
383
384
385
386
387
388
389
390
391
392
393
394
395
396
397
398
399
400
401
402
403
404
405
406
407
408
409
410
411
412
413
414
415
416
417
418
419
420
421
422
423
424
425
426
427
428
429
430
431
432
433
434
435
436
437
438
439
440
441
442
443
444
445
446
447
448
449
450
451
452
453
454
455
456
457
458
459
460
462
476
463
464
465
466
467
468
469
470
471
472
473
474
476
)


// ************************************************************************* //
