/*--------------------------------*- C++ -*----------------------------------*\
| =========                 |                                                 |
| \\      /  F ield         | OpenFOAM: The Open Source CFD Toolbox           |
|  \\    /   O peration     | Version:  2.4.0                                 |
|   \\  /    A nd           | Web:      www.OpenFOAM.org                      |
|    \\/     M anipulation  |                                                 |
\*---------------------------------------------------------------------------*/
FoamFile
{
    version     2.0;
    format      ascii;
    class       vectorField;
    location    "constant/polyMesh";
    object      points;
}
// * * * * * * * * * * * * * * * * * * * * * * * * * * * * * * * * * * * * * //


1058
(
(-4 -2 0.01)
(-4 2 0.01)
(-4 -1.666666667 0.01)
(-4 -1.333333333 0.01)
(-4 -1 0.01)
(-4 -0.6666666667 0.01)
(-4 -0.3333333333 0.01)
(-4 8.881784197e-15 0.01)
(-4 0.3333333333 0.01)
(-4 0.6666666667 0.01)
(-4 1 0.01)
(-4 1.333333333 0.01)
(-4 1.666666667 0.01)
(6 2 0.01)
(-3.666666667 2 0.01)
(-3.333333333 2 0.01)
(-3 2 0.01)
(-2.666666667 2 0.01)
(-2.333333333 2 0.01)
(-2 2 0.01)
(-1.666666667 2 0.01)
(-1.333333333 2 0.01)
(-1 2 0.01)
(-0.6666666667 2 0.01)
(-0.3333333333 2 0.01)
(0 2 0.01)
(0.3333333333 2 0.01)
(0.6666666667 2 0.01)
(1 2 0.01)
(1.333333333 2 0.01)
(1.666666667 2 0.01)
(2 2 0.01)
(2.333333333 2 0.01)
(2.666666667 2 0.01)
(3 2 0.01)
(3.333333333 2 0.01)
(3.666666667 2 0.01)
(4 2 0.01)
(4.333333333 2 0.01)
(4.666666667 2 0.01)
(5 2 0.01)
(5.333333333 2 0.01)
(5.666666667 2 0.01)
(6 -2 0.01)
(6 1.666666667 0.01)
(6 1.333333333 0.01)
(6 1 0.01)
(6 0.6666666667 0.01)
(6 0.3333333333 0.01)
(6 -7.993605777e-15 0.01)
(6 -0.3333333333 0.01)
(6 -0.6666666667 0.01)
(6 -1 0.01)
(6 -1.333333333 0.01)
(6 -1.666666667 0.01)
(0.2701851217 3.308813445e-17 0.01)
(0.2517351167 0.09812966423 0.01)
(0.1987725483 0.1830012952 0.01)
(0.1187813113 0.2426746795 0.01)
(0.02254195269 0.269243125 0.01)
(-0.07660968407 0.2590964228 0.01)
(-0.1652711396 0.2137415505 0.01)
(-0.2316333628 0.1390898459 0.01)
(-0.2663667278 0.04526329992 0.01)
(-0.2645149763 -0.0550620317 0.01)
(-0.2263725172 -0.1474974015 0.01)
(-0.1573169134 -0.2196619875 0.01)
(-0.06710793126 -0.2617184089 0.01)
(0.03236175904 -0.2682400353 0.01)
(0.1275763725 -0.238168573 0.01)
(0.2053286449 -0.1756136315 0.01)
(0.2551517686 -0.08886830135 0.01)
(5.666666667 -2 0.01)
(5.333333333 -2 0.01)
(5 -2 0.01)
(4.666666667 -2 0.01)
(4.333333333 -2 0.01)
(4 -2 0.01)
(3.666666667 -2 0.01)
(3.333333333 -2 0.01)
(3 -2 0.01)
(2.666666667 -2 0.01)
(2.333333333 -2 0.01)
(2 -2 0.01)
(1.666666667 -2 0.01)
(1.333333333 -2 0.01)
(1 -2 0.01)
(0.6666666667 -2 0.01)
(0.3333333333 -2 0.01)
(0 -2 0.01)
(-0.3333333333 -2 0.01)
(-0.6666666667 -2 0.01)
(-1 -2 0.01)
(-1.333333333 -2 0.01)
(-1.666666667 -2 0.01)
(-2 -2 0.01)
(-2.333333333 -2 0.01)
(-2.666666667 -2 0.01)
(-3 -2 0.01)
(-3.333333333 -2 0.01)
(-3.666666667 -2 0.01)
(-4 -2 -0.01)
(-4 2 -0.01)
(6 2 -0.01)
(6 -2 -0.01)
(-0.2701391104 -0.004986083841 0.01)
(-1.099323364 -1.369287718 0.01)
(0.8112878236 -0.5119865123 0.01)
(-0.4155811113 0.4453566196 0.01)
(0.079481564 0.4617710708 0.01)
(-0.1425996801 0.7131533919 0.01)
(-0.26594273 0.6237471096 0.01)
(-1.023988898 0.5972948946 0.01)
(-0.7121444882 0.6598762448 0.01)
(-0.5462950284 0.5232345918 0.01)
(-0.3434142915 0.5127355918 0.01)
(-0.445677494 0.5788549856 0.01)
(0.05526112814 0.7450179178 0.01)
(0.2553692532 0.6487168624 0.01)
(0.1705717244 0.5096848655 0.01)
(0.3748086692 0.5008040863 0.01)
(0.4246724299 0.3417434671 0.01)
(0.4369540479 0.2069452748 0.01)
(0.5933935347 0.3423098 0.01)
(0.5432479286 0.1584807049 0.01)
(0.8290520904 -0.03476147132 0.01)
(0.9353304248 -0.2288741983 0.01)
(0.7778732735 0.2784484492 0.01)
(1.095166026 -0.1205976864 0.01)
(0.9601252044 0.1366327989 0.01)
(1.474776776 0.05084544524 0.01)
(1.739734994 0.01023759432 0.01)
(2.037161166 0.003308151457 0.01)
(2.345179246 -0.001954840647 0.01)
(2.668867259 -0.003632124548 0.01)
(2.998583672 -0.005445239964 0.01)
(3.334709169 -0.003895868637 0.01)
(3.668453818 -0.002725293585 0.01)
(3.998858407 -0.002139398555 0.01)
(-1.751430652 0.06238626192 0.01)
(-1.71236862 0.395173059 0.01)
(-2.034126387 0.3709688209 0.01)
(0.9916802456 -0.4821191602 0.01)
(1.190639483 -0.4197620027 0.01)
(1.439267641 -0.3312892057 0.01)
(1.730264677 -0.3365998037 0.01)
(2.031000576 -0.3371524774 0.01)
(2.344269549 -0.3360404287 0.01)
(2.668751757 -0.3348786411 0.01)
(3.000606265 -0.3343904098 0.01)
(3.335948161 -0.3342671236 0.01)
(3.997692456 -0.3328818353 0.01)
(0.7807167053 -0.7193553696 0.01)
(4.326468532 -0.001375263985 0.01)
(4.328443546 -0.3326628561 0.01)
(-2.050417786 0.03536305175 0.01)
(-2.052273689 -0.3070209256 0.01)
(-2.358935792 -0.3180383106 0.01)
(-2.356043526 0.01862664352 0.01)
(-2.350099067 0.3508651648 0.01)
(0.8027427885 0.5154118313 0.01)
(0.5533859914 0.550471367 0.01)
(1.111066428 0.3712092474 0.01)
(1.42132545 0.3749805571 0.01)
(1.721255024 0.3554057487 0.01)
(2.031152417 0.341490705 0.01)
(2.34236346 0.3317546923 0.01)
(2.669202773 0.328632393 0.01)
(2.998324607 0.3260555061 0.01)
(3.333451716 0.3271683573 0.01)
(3.668008335 0.3282751309 0.01)
(3.998551207 0.3301412904 0.01)
(4.327550708 0.3295639258 0.01)
(1.18575855 -0.7445607927 0.01)
(1.450320397 -0.7005030348 0.01)
(1.733228794 -0.6805007946 0.01)
(2.027561685 -0.6739889393 0.01)
(2.343873162 -0.6685289386 0.01)
(2.669901209 -0.6652308074 0.01)
(3.000437551 -0.6622964147 0.01)
(3.334084983 -0.6623910186 0.01)
(3.665966717 -0.6625782715 0.01)
(3.997850678 -0.6636784055 0.01)
(4.330024967 -0.6617216983 0.01)
(-1.772365861 -0.2913986748 0.01)
(-1.242307313 -1.023501586 0.01)
(-1.754966696 -0.6396677459 0.01)
(-2.046021358 -0.650313732 0.01)
(-2.35087429 -0.6567682748 0.01)
(-2.667900242 -0.6612712124 0.01)
(-2.672542383 -0.3266238034 0.01)
(-2.67205143 0.007112265276 0.01)
(-2.671166217 0.3387774488 0.01)
(-2.670866461 0.66914923 0.01)
(-2.344370357 0.6790608138 0.01)
(-2.019195314 0.6960965394 0.01)
(-1.692698239 0.7192100559 0.01)
(-1.368359684 0.7600078962 0.01)
(-1.038573222 0.8318871526 0.01)
(-0.6921422245 0.8945888328 0.01)
(-0.324733315 0.9037203507 0.01)
(0.04827007345 0.923105946 0.01)
(0.4170610866 0.8278952706 0.01)
(0.7598422182 0.7838565273 0.01)
(1.073392187 0.725303421 0.01)
(1.387206778 0.70125944 0.01)
(1.701659823 0.6879675089 0.01)
(2.018200941 0.6744658854 0.01)
(2.339772122 0.6648499608 0.01)
(2.666538182 0.6598858075 0.01)
(2.997743456 0.6568140973 0.01)
(3.332750053 0.6590882201 0.01)
(3.66786711 0.6620923859 0.01)
(3.999985489 0.6618970253 0.01)
(4.330832704 0.6599922576 0.01)
(4.661691693 0.662838978 0.01)
(4.660875402 0.3304922494 0.01)
(4.657553524 -0.002631487126 0.01)
(4.659321701 -0.3328521664 0.01)
(4.660644034 -0.6645808528 0.01)
(-1.374769662 0.429596189 0.01)
(-1.481943518 0.07644720637 0.01)
(-1.518440759 -0.2621871712 0.01)
(-1.472322572 -0.6185570808 0.01)
(-1.244046294 -0.7384991489 0.01)
(-1.045260481 -0.9890847315 0.01)
(-1.474340958 -1.005191606 0.01)
(-1.745569259 -0.9908473922 0.01)
(-2.033994398 -0.9908802418 0.01)
(-2.343897967 -0.9941233303 0.01)
(-2.664499796 -0.9954208048 0.01)
(-2.992182509 -0.996828929 0.01)
(-2.993963431 -0.6648265893 0.01)
(-2.994601631 -0.3324833972 0.01)
(-2.99472619 -0.0003287110111 0.01)
(-2.99768738 0.3331148981 0.01)
(-2.997737762 0.6642186125 0.01)
(-2.998770948 0.9963975819 0.01)
(-2.669110532 0.9982217288 0.01)
(-2.339684564 1.004886324 0.01)
(-2.011460853 1.017485991 0.01)
(-1.68575 1.039084563 0.01)
(-1.357793746 1.06680081 0.01)
(-1.023540149 1.105627116 0.01)
(-0.6751587069 1.137511244 0.01)
(-0.3206299975 1.144613715 0.01)
(0.03567091753 1.145662745 0.01)
(0.3848298576 1.113771922 0.01)
(0.716719046 1.077924169 0.01)
(1.04174826 1.048076585 0.01)
(1.364884006 1.028290865 0.01)
(2.009013189 1.003247184 0.01)
(2.335439801 0.9953544166 0.01)
(2.665697824 0.9919206013 0.01)
(2.996504778 0.9893877162 0.01)
(3.334891585 0.9924514455 0.01)
(3.668422606 0.9959330982 0.01)
(4.003295521 0.9946317108 0.01)
(4.332892845 0.992947959 0.01)
(4.66364517 0.9961616585 0.01)
(4.995965772 0.9978159355 0.01)
(4.994626177 0.6648873526 0.01)
(4.993970022 0.3322794261 0.01)
(4.990279858 -8.007483565e-15 0.01)
(4.990279858 -0.3333333333 0.01)
(4.994838833 -0.6648163241 0.01)
(4.997823522 -0.9972134856 0.01)
(4.665032912 -0.9975585926 0.01)
(4.330478028 -0.9935947562 0.01)
(3.998591742 -0.9934994828 0.01)
(3.666093935 -0.9950107046 0.01)
(3.333467516 -0.9947044763 0.01)
(3.000733425 -0.9945455978 0.01)
(2.673033336 -0.9977670878 0.01)
(2.348220791 -1.00232776 0.01)
(2.031238328 -1.009492871 0.01)
(1.723567624 -1.022117995 0.01)
(1.423341608 -1.040566249 0.01)
(1.127741246 -1.068737141 0.01)
(-0.06459414762 0.5443404034 0.01)
(0.4719129643 -1.414227861 0.01)
(0.7729954222 -1.397129091 0.01)
(1.082791318 -1.381010199 0.01)
(1.392905662 -1.367929506 0.01)
(1.704901279 -1.353103087 0.01)
(2.020464451 -1.341452403 0.01)
(2.34260588 -1.334251683 0.01)
(2.668762968 -1.329782477 0.01)
(3 -1.326853239 0.01)
(3.333333333 -1.326853239 0.01)
(3.666666667 -1.326853239 0.01)
(4 -1.326853239 0.01)
(4.333333333 -1.326853239 0.01)
(4.666666667 -1.326853239 0.01)
(4.999273866 -1.330446774 0.01)
(-3.326853239 -1 0.01)
(-3.326853239 -0.6666666667 0.01)
(-3.326853239 -0.3333333333 0.01)
(-3.326853239 8.909539773e-15 0.01)
(-3.326853239 0.3333333333 0.01)
(-3.330198048 0.6649600133 0.01)
(-3.330924045 0.9979899532 0.01)
(-3.331314532 1.330913398 0.01)
(-3 1.326853239 0.01)
(-2.666666667 1.326853239 0.01)
(-1.679991881 1.355951183 0.01)
(-1.348831881 1.375732731 0.01)
(-1.012538416 1.396496284 0.01)
(-0.6706310549 1.41198646 0.01)
(-0.3256653943 1.40631544 0.01)
(0.02057099856 1.416309141 0.01)
(0.3615691645 1.403211667 0.01)
(0.6954688929 1.384037942 0.01)
(1.022809178 1.366169324 0.01)
(1.348669965 1.351153944 0.01)
(1.673913586 1.340747759 0.01)
(2.001657943 1.331878019 0.01)
(2.663268227 1.324820812 0.01)
(3 1.326853239 0.01)
(3.333333333 1.326853239 0.01)
(4.002623971 1.329856572 0.01)
(4.333333333 1.326853239 0.01)
(4.666666667 1.326853239 0.01)
(4.99799043 1.330927755 0.01)
(5.330917447 1.331522305 0.01)
(5.326853239 1 0.01)
(5.326853239 0.6666666667 0.01)
(5.326853239 0.3333333333 0.01)
(5.326853239 -7.993605777e-15 0.01)
(5.326853239 -0.3333333333 0.01)
(5.329191638 -0.6640904712 0.01)
(5.331967942 -0.9980130463 0.01)
(5.332036794 -1.330974235 0.01)
(-1.151496805 0.280008306 0.01)
(-1.275407828 0.05501857976 0.01)
(-1.284740481 -0.1971379915 0.01)
(-1.122788587 -0.5606976258 0.01)
(-0.9721232623 -0.6832975146 0.01)
(-0.8821834054 -0.8649037086 0.01)
(-0.9350778385 -1.167441678 0.01)
(-0.6953024622 -1.122467501 0.01)
(-0.7518089339 -1.478885981 0.01)
(-0.7413653483 -1.271163716 0.01)
(-1.418879098 -1.349680162 0.01)
(-1.724345081 -1.3382158 0.01)
(-2.028661334 -1.332369925 0.01)
(-2.343788429 -1.331526287 0.01)
(-2.666723751 -1.331031087 0.01)
(-2.995334857 -1.331017613 0.01)
(-3.326805702 -1.330968383 0.01)
(0.825211234 -1.071266153 0.01)
(0.7822747963 -0.3027769813 0.01)
(0.6981110442 -0.1536267578 0.01)
(0.5711176659 -0.05343870779 0.01)
(0.6605963017 -0.3495894081 0.01)
(0.6061726682 -0.6824079779 0.01)
(0.6394167677 -0.483759421 0.01)
(-0.4320675709 -1.50471964 0.01)
(0.7079019873 -0.8769051607 0.01)
(0.5265564042 -1.138907847 0.01)
(0.01756634595 -1.675342619 0.01)
(-0.1670419747 0.4834162499 0.01)
(0.2098348003 -1.387804738 0.01)
(0.5637115199 -0.269912067 0.01)
(0.4532169214 -0.6360834225 0.01)
(0.5026821107 -0.4453721448 0.01)
(0.392972189 -0.8446114256 0.01)
(0.2952120904 -1.087217622 0.01)
(0.1079224124 -1.105112118 0.01)
(-0.1749916287 -1.432555032 0.01)
(0.005161244176 -1.285962408 0.01)
(-0.4977637632 -1.293604793 0.01)
(-0.5497987963 -1.090216942 0.01)
(-0.6356352259 -0.9139670007 0.01)
(-0.7318582733 -0.7631826345 0.01)
(-0.8263473881 -0.6019224355 0.01)
(-0.933254549 -0.45596318 0.01)
(-1.014215365 -0.2980934062 0.01)
(-1.053353444 -0.1272406942 0.01)
(-1.036191852 0.1892154841 0.01)
(-1.0448329 0.04912135301 0.01)
(-0.973646245 0.415802447 0.01)
(-0.2765049245 0.4056660528 0.01)
(-0.4048390955 0.3544144569 0.01)
(-0.5693216131 0.3957576386 0.01)
(-0.7617146366 0.4434565027 0.01)
(0.5571509431 -0.9030208499 0.01)
(0.3858138444 -0.363716879 0.01)
(0.3167334678 -0.5306257967 0.01)
(0.2518208555 -0.707431215 0.01)
(0.1326858027 -0.5822403097 0.01)
(-0.1360961861 -1.116221438 0.01)
(0.01644473702 -0.9802781003 0.01)
(0.1583061807 -0.8683728478 0.01)
(-0.3910858816 -1.027919822 0.01)
(0.03551964388 -0.5060014112 0.01)
(-0.2375286733 -0.9339902013 0.01)
(-0.09359112942 -0.8303187497 0.01)
(0.03362632577 -0.7276757497 0.01)
(-0.4804780922 -0.8388418503 0.01)
(-0.3286248482 -0.7583938798 0.01)
(-0.1873256049 -0.6613051403 0.01)
(-0.06660256722 -0.5705116044 0.01)
(-0.8862000685 0.2393607437 0.01)
(-0.5742546704 -0.6834043926 0.01)
(-0.4181063058 -0.6068353647 0.01)
(-0.2665903001 -0.516249294 0.01)
(-0.8663593792 0.07032790395 0.01)
(-0.8614522055 -0.08818648716 0.01)
(-0.7334616889 0.2644201978 0.01)
(-0.6628069202 -0.5264831491 0.01)
(-0.8252148609 -0.2386788703 0.01)
(-0.7506498089 -0.3806241177 0.01)
(-0.5478014877 0.2489233332 0.01)
(-0.7024594582 0.1046496937 0.01)
(-0.6756265998 -0.04255060307 0.01)
(-0.647011149 -0.1877362953 0.01)
(-0.579674048 -0.3212602255 0.01)
(-0.3517856711 -0.388475442 0.01)
(-0.5219797718 0.1127646955 0.01)
(-0.523369361 -0.0196801123 0.01)
(-0.4894870322 -0.1440287656 0.01)
(-0.4290264999 -0.2639433082 0.01)
(-3.333333333 1.663426619 0.01)
(-3 1.663426619 0.01)
(-2.666666667 1.663426619 0.01)
(-2.333333333 1.663426619 0.01)
(-2.002381544 1.668073895 0.01)
(-1.672474477 1.675601432 0.01)
(-1.339826632 1.682435038 0.01)
(-1.005209237 1.690413134 0.01)
(-0.6685666393 1.697201145 0.01)
(-0.330697196 1.696953167 0.01)
(0.007994395515 1.70020849 0.01)
(0.3443531823 1.695072496 0.01)
(0.6776856238 1.68741409 0.01)
(1.008600919 1.679802868 0.01)
(1.338380597 1.6738422 0.01)
(1.667464767 1.667309246 0.01)
(2 1.663426619 0.01)
(2.333333333 1.663426619 0.01)
(2.666666667 1.663426619 0.01)
(3 1.663426619 0.01)
(3.333333333 1.663426619 0.01)
(3.666666667 1.663426619 0.01)
(4 1.663426619 0.01)
(4.333333333 1.663426619 0.01)
(4.666666667 1.663426619 0.01)
(5 1.663426619 0.01)
(5.333333333 1.663426619 0.01)
(5.663426619 1.333333333 0.01)
(5.663426619 1 0.01)
(5.663426619 0.6666666667 0.01)
(5.663426619 0.3333333333 0.01)
(5.663426619 -7.951972414e-15 0.01)
(5.663426619 -0.3333333333 0.01)
(5.663426619 -0.6666666667 0.01)
(5.663426619 -1 0.01)
(5.663426619 -1.333333333 0.01)
(5.666666667 -1.663426619 0.01)
(5.333333333 -1.663426619 0.01)
(5 -1.663426619 0.01)
(4.666666667 -1.663426619 0.01)
(4.333333333 -1.663426619 0.01)
(4 -1.663426619 0.01)
(3.666666667 -1.663426619 0.01)
(3.333333333 -1.663426619 0.01)
(3 -1.663426619 0.01)
(2.666666667 -1.663426619 0.01)
(2.336600603 -1.665358706 0.01)
(2.011104915 -1.671422958 0.01)
(1.68531732 -1.677613234 0.01)
(1.361524029 -1.68514668 0.01)
(1.039103223 -1.693514611 0.01)
(0.7147785242 -1.701132763 0.01)
(0.3814375654 -1.705587687 0.01)
(-0.3629597188 -1.7390318 0.01)
(-0.7199048252 -1.728076897 0.01)
(-1.053269855 -1.69397061 0.01)
(-1.374589022 -1.678743296 0.01)
(-1.694038746 -1.672780644 0.01)
(-2.013926459 -1.668502201 0.01)
(-2.337768198 -1.666464831 0.01)
(-2.99606003 -1.664147687 0.01)
(-3.328951616 -1.664704149 0.01)
(-3.663426619 -1.666666667 0.01)
(-3.663426619 -1.333333333 0.01)
(-3.663426619 -1 0.01)
(-3.663426619 -0.6666666667 0.01)
(-3.663426619 -0.3333333333 0.01)
(-3.663426619 8.826273046e-15 0.01)
(-3.663426619 0.3333333333 0.01)
(-3.663426619 0.6666666667 0.01)
(-3.663426619 1 0.01)
(-3.663426619 1.333333333 0.01)
(-3.663426619 1.666666667 0.01)
(-0.2982393271 -0.1933327864 0.01)
(-0.2218438143 -0.292626852 0.01)
(-0.1110361864 -0.3866446988 0.01)
(0.03871515511 -0.3748071536 0.01)
(0.1835364027 -0.3859428807 0.01)
(0.2798280213 -0.2614162835 0.01)
(0.3476320129 -0.1277484968 0.01)
(0.3936444484 0.01242930497 0.01)
(0.3333770233 0.1355095725 0.01)
(0.2840315613 0.2524184888 0.01)
(0.2138295187 0.3671013528 0.01)
(0.03528062092 0.3596141452 0.01)
(-0.1055874077 0.3381169272 0.01)
(-0.2197181113 0.2961883036 0.01)
(-0.3649169279 0.0835431672 0.01)
(-0.3630992434 -0.007228214803 0.01)
(-0.3407351103 -0.09298353652 0.01)
(-0.4343989768 0.6971738875 0.01)
(-0.7947470891 -1.007474436 0.01)
(0.9675559482 -0.7607729167 0.01)
(-0.2993326784 -1.219131943 0.01)
(5.665574712 1.665677715 0.01)
(1.246007828 0.01701866243 0.01)
(-1.087741884 -0.7917154817 0.01)
(-0.5024504785 -0.4600661494 0.01)
(-2.006764874 1.341321213 0.01)
(-1.221239455 -0.392791129 0.01)
(0.464420684 -0.1962262734 0.01)
(-2.665252336 -1.665358665 0.01)
(1.68196709 1.012480489 0.01)
(3.666751377 -0.3318412608 0.01)
(3.667791892 1.328971318 0.01)
(-0.3520750828 0.2103862744 0.01)
(-2.335358889 1.330761602 0.01)
(0.6819162968 0.09284270204 0.01)
(0.05224242466 0.5692986842 0.01)
(2.333280544 1.325682367 0.01)
(-4 1.666666667 -0.01)
(-4 1.333333333 -0.01)
(-4 1 -0.01)
(-4 0.6666666667 -0.01)
(-4 0.3333333333 -0.01)
(-4 8.881784197e-15 -0.01)
(-4 -0.3333333333 -0.01)
(-4 -0.6666666667 -0.01)
(-4 -1 -0.01)
(-4 -1.333333333 -0.01)
(-4 -1.666666667 -0.01)
(5.666666667 2 -0.01)
(5.333333333 2 -0.01)
(5 2 -0.01)
(4.666666667 2 -0.01)
(4.333333333 2 -0.01)
(4 2 -0.01)
(3.666666667 2 -0.01)
(3.333333333 2 -0.01)
(3 2 -0.01)
(2.666666667 2 -0.01)
(2.333333333 2 -0.01)
(2 2 -0.01)
(1.666666667 2 -0.01)
(1.333333333 2 -0.01)
(1 2 -0.01)
(0.6666666667 2 -0.01)
(0.3333333333 2 -0.01)
(0 2 -0.01)
(-0.3333333333 2 -0.01)
(-0.6666666667 2 -0.01)
(-1 2 -0.01)
(-1.333333333 2 -0.01)
(-1.666666667 2 -0.01)
(-2 2 -0.01)
(-2.333333333 2 -0.01)
(-2.666666667 2 -0.01)
(-3 2 -0.01)
(-3.333333333 2 -0.01)
(-3.666666667 2 -0.01)
(6 -1.666666667 -0.01)
(6 -1.333333333 -0.01)
(6 -1 -0.01)
(6 -0.6666666667 -0.01)
(6 -0.3333333333 -0.01)
(6 -7.993605777e-15 -0.01)
(6 0.3333333333 -0.01)
(6 0.6666666667 -0.01)
(6 1 -0.01)
(6 1.333333333 -0.01)
(6 1.666666667 -0.01)
(0.2701851217 3.308813445e-17 -0.01)
(0.2517351167 0.09812966423 -0.01)
(0.1987725483 0.1830012952 -0.01)
(0.1187813113 0.2426746795 -0.01)
(0.02254195269 0.269243125 -0.01)
(-0.07660968407 0.2590964228 -0.01)
(-0.1652711396 0.2137415505 -0.01)
(-0.2316333628 0.1390898459 -0.01)
(-0.2663667278 0.04526329992 -0.01)
(-0.2701391104 -0.004986083841 -0.01)
(-0.2645149763 -0.0550620317 -0.01)
(-0.2263725172 -0.1474974015 -0.01)
(-0.1573169134 -0.2196619875 -0.01)
(-0.06710793126 -0.2617184089 -0.01)
(0.03236175904 -0.2682400353 -0.01)
(0.1275763725 -0.238168573 -0.01)
(0.2053286449 -0.1756136315 -0.01)
(0.2551517686 -0.08886830135 -0.01)
(5.666666667 -2 -0.01)
(5.333333333 -2 -0.01)
(5 -2 -0.01)
(4.666666667 -2 -0.01)
(4.333333333 -2 -0.01)
(4 -2 -0.01)
(3.666666667 -2 -0.01)
(3.333333333 -2 -0.01)
(3 -2 -0.01)
(2.666666667 -2 -0.01)
(2.333333333 -2 -0.01)
(2 -2 -0.01)
(1.666666667 -2 -0.01)
(1.333333333 -2 -0.01)
(1 -2 -0.01)
(0.6666666667 -2 -0.01)
(0.3333333333 -2 -0.01)
(0 -2 -0.01)
(-0.3333333333 -2 -0.01)
(-0.6666666667 -2 -0.01)
(-1 -2 -0.01)
(-1.333333333 -2 -0.01)
(-1.666666667 -2 -0.01)
(-2 -2 -0.01)
(-2.333333333 -2 -0.01)
(-2.666666667 -2 -0.01)
(-3 -2 -0.01)
(-3.333333333 -2 -0.01)
(-3.666666667 -2 -0.01)
(0.5432479286 0.1584807049 -0.01)
(0.6819162968 0.09284270204 -0.01)
(0.7778732735 0.2784484492 -0.01)
(0.5933935347 0.3423098 -0.01)
(0.4246724299 0.3417434671 -0.01)
(0.4369540479 0.2069452748 -0.01)
(0.2138295187 0.3671013528 -0.01)
(0.3748086692 0.5008040863 -0.01)
(0.2840315613 0.2524184888 -0.01)
(0.2553692532 0.6487168624 -0.01)
(0.1705717244 0.5096848655 -0.01)
(-1.368359684 0.7600078962 -0.01)
(-1.374769662 0.429596189 -0.01)
(-1.692698239 0.7192100559 -0.01)
(-1.71236862 0.395173059 -0.01)
(-1.751430652 0.06238626192 -0.01)
(-1.481943518 0.07644720637 -0.01)
(1.246007828 0.01701866243 -0.01)
(1.111066428 0.3712092474 -0.01)
(1.474776776 0.05084544524 -0.01)
(1.42132545 0.3749805571 -0.01)
(0.9601252044 0.1366327989 -0.01)
(1.095166026 -0.1205976864 -0.01)
(-1.045260481 -0.9890847315 -0.01)
(-1.242307313 -1.023501586 -0.01)
(-1.099323364 -1.369287718 -0.01)
(-0.9350778385 -1.167441678 -0.01)
(-1.474340958 -1.005191606 -0.01)
(-1.418879098 -1.349680162 -0.01)
(0.5571509431 -0.9030208499 -0.01)
(0.5265564042 -1.138907847 -0.01)
(0.392972189 -0.8446114256 -0.01)
(0.2952120904 -1.087217622 -0.01)
(0.825211234 -1.071266153 -0.01)
(0.7079019873 -0.8769051607 -0.01)
(-1.151496805 0.280008306 -0.01)
(-1.036191852 0.1892154841 -0.01)
(-0.8862000685 0.2393607437 -0.01)
(-0.973646245 0.415802447 -0.01)
(-1.023988898 0.5972948946 -0.01)
(-1.038573222 0.8318871526 -0.01)
(0.4719129643 -1.414227861 -0.01)
(0.7729954222 -1.397129091 -0.01)
(1.127741246 -1.068737141 -0.01)
(1.082791318 -1.381010199 -0.01)
(0.2098348003 -1.387804738 -0.01)
(-0.3649169279 0.0835431672 -0.01)
(-0.3520750828 0.2103862744 -0.01)
(-0.2197181113 0.2961883036 -0.01)
(-0.5478014877 0.2489233332 -0.01)
(-0.5219797718 0.1127646955 -0.01)
(0.1326858027 -0.5822403097 -0.01)
(0.03551964388 -0.5060014112 -0.01)
(-0.06660256722 -0.5705116044 -0.01)
(0.03362632577 -0.7276757497 -0.01)
(0.2518208555 -0.707431215 -0.01)
(0.1583061807 -0.8683728478 -0.01)
(-0.2218438143 -0.292626852 -0.01)
(-0.1110361864 -0.3866446988 -0.01)
(-0.3517856711 -0.388475442 -0.01)
(-0.2665903001 -0.516249294 -0.01)
(-0.1873256049 -0.6613051403 -0.01)
(0.03871515511 -0.3748071536 -0.01)
(-0.7518089339 -1.478885981 -0.01)
(-0.7413653483 -1.271163716 -0.01)
(-1.053269855 -1.69397061 -0.01)
(-0.7199048252 -1.728076897 -0.01)
(-1.374589022 -1.678743296 -0.01)
(0.8290520904 -0.03476147132 -0.01)
(0.6981110442 -0.1536267578 -0.01)
(0.7822747963 -0.3027769813 -0.01)
(0.9353304248 -0.2288741983 -0.01)
(0.5711176659 -0.05343870779 -0.01)
(0.4532169214 -0.6360834225 -0.01)
(0.3167334678 -0.5306257967 -0.01)
(0.6061726682 -0.6824079779 -0.01)
(0.4170610866 0.8278952706 -0.01)
(0.5533859914 0.550471367 -0.01)
(0.05526112814 0.7450179178 -0.01)
(0.04827007345 0.923105946 -0.01)
(0.05224242466 0.5692986842 -0.01)
(0.6394167677 -0.483759421 -0.01)
(0.7807167053 -0.7193553696 -0.01)
(0.8112878236 -0.5119865123 -0.01)
(0.6605963017 -0.3495894081 -0.01)
(0.9916802456 -0.4821191602 -0.01)
(0.9675559482 -0.7607729167 -0.01)
(-0.3434142915 0.5127355918 -0.01)
(-0.445677494 0.5788549856 -0.01)
(-0.5462950284 0.5232345918 -0.01)
(-0.4155811113 0.4453566196 -0.01)
(-0.4048390955 0.3544144569 -0.01)
(-0.2765049245 0.4056660528 -0.01)
(-0.5693216131 0.3957576386 -0.01)
(0.8027427885 0.5154118313 -0.01)
(0.7598422182 0.7838565273 -0.01)
(-0.7121444882 0.6598762448 -0.01)
(-0.4343989768 0.6971738875 -0.01)
(-0.26594273 0.6237471096 -0.01)
(-0.6921422245 0.8945888328 -0.01)
(-0.1425996801 0.7131533919 -0.01)
(-0.324733315 0.9037203507 -0.01)
(-0.06459414762 0.5443404034 -0.01)
(0.079481564 0.4617710708 -0.01)
(0.03528062092 0.3596141452 -0.01)
(-0.1670419747 0.4834162499 -0.01)
(-0.7617146366 0.4434565027 -0.01)
(0.3333770233 0.1355095725 -0.01)
(0.3936444484 0.01242930497 -0.01)
(1.190639483 -0.4197620027 -0.01)
(1.439267641 -0.3312892057 -0.01)
(1.730264677 -0.3365998037 -0.01)
(1.739734994 0.01023759432 -0.01)
(1.721255024 0.3554057487 -0.01)
(2.031000576 -0.3371524774 -0.01)
(2.037161166 0.003308151457 -0.01)
(2.031152417 0.341490705 -0.01)
(2.344269549 -0.3360404287 -0.01)
(2.345179246 -0.001954840647 -0.01)
(2.34236346 0.3317546923 -0.01)
(2.668751757 -0.3348786411 -0.01)
(2.668867259 -0.003632124548 -0.01)
(2.669202773 0.328632393 -0.01)
(3.000606265 -0.3343904098 -0.01)
(2.998583672 -0.005445239964 -0.01)
(2.998324607 0.3260555061 -0.01)
(3.335948161 -0.3342671236 -0.01)
(3.334709169 -0.003895868637 -0.01)
(3.333451716 0.3271683573 -0.01)
(3.666751377 -0.3318412608 -0.01)
(3.668453818 -0.002725293585 -0.01)
(3.668008335 0.3282751309 -0.01)
(3.997692456 -0.3328818353 -0.01)
(3.998858407 -0.002139398555 -0.01)
(3.998551207 0.3301412904 -0.01)
(4.328443546 -0.3326628561 -0.01)
(4.326468532 -0.001375263985 -0.01)
(4.327550708 0.3295639258 -0.01)
(-1.772365861 -0.2913986748 -0.01)
(-1.518440759 -0.2621871712 -0.01)
(-2.034126387 0.3709688209 -0.01)
(-2.050417786 0.03536305175 -0.01)
(-2.052273689 -0.3070209256 -0.01)
(-2.350099067 0.3508651648 -0.01)
(-2.356043526 0.01862664352 -0.01)
(-2.358935792 -0.3180383106 -0.01)
(-2.019195314 0.6960965394 -0.01)
(-2.344370357 0.6790608138 -0.01)
(1.18575855 -0.7445607927 -0.01)
(1.450320397 -0.7005030348 -0.01)
(1.733228794 -0.6805007946 -0.01)
(2.027561685 -0.6739889393 -0.01)
(2.343873162 -0.6685289386 -0.01)
(2.669901209 -0.6652308074 -0.01)
(3.000437551 -0.6622964147 -0.01)
(3.334084983 -0.6623910186 -0.01)
(3.665966717 -0.6625782715 -0.01)
(3.997850678 -0.6636784055 -0.01)
(4.330024967 -0.6617216983 -0.01)
(4.657553524 -0.002631487126 -0.01)
(4.660875402 0.3304922494 -0.01)
(4.659321701 -0.3328521664 -0.01)
(4.660644034 -0.6645808528 -0.01)
(-2.046021358 -0.650313732 -0.01)
(-1.754966696 -0.6396677459 -0.01)
(-2.35087429 -0.6567682748 -0.01)
(-2.672542383 -0.3266238034 -0.01)
(-2.667900242 -0.6612712124 -0.01)
(-2.67205143 0.007112265276 -0.01)
(-2.671166217 0.3387774488 -0.01)
(-2.670866461 0.66914923 -0.01)
(1.073392187 0.725303421 -0.01)
(1.387206778 0.70125944 -0.01)
(1.701659823 0.6879675089 -0.01)
(2.018200941 0.6744658854 -0.01)
(2.339772122 0.6648499608 -0.01)
(2.666538182 0.6598858075 -0.01)
(2.997743456 0.6568140973 -0.01)
(3.332750053 0.6590882201 -0.01)
(3.66786711 0.6620923859 -0.01)
(3.999985489 0.6618970253 -0.01)
(4.330832704 0.6599922576 -0.01)
(4.661691693 0.662838978 -0.01)
(1.423341608 -1.040566249 -0.01)
(1.723567624 -1.022117995 -0.01)
(2.031238328 -1.009492871 -0.01)
(2.348220791 -1.00232776 -0.01)
(2.673033336 -0.9977670878 -0.01)
(3.000733425 -0.9945455978 -0.01)
(3.333467516 -0.9947044763 -0.01)
(3.666093935 -0.9950107046 -0.01)
(3.998591742 -0.9934994828 -0.01)
(4.330478028 -0.9935947562 -0.01)
(4.665032912 -0.9975585926 -0.01)
(-1.472322572 -0.6185570808 -0.01)
(-1.244046294 -0.7384991489 -0.01)
(-1.087741884 -0.7917154817 -0.01)
(-1.745569259 -0.9908473922 -0.01)
(-2.033994398 -0.9908802418 -0.01)
(-2.343897967 -0.9941233303 -0.01)
(-2.664499796 -0.9954208048 -0.01)
(-2.993963431 -0.6648265893 -0.01)
(-2.992182509 -0.996828929 -0.01)
(-2.994601631 -0.3324833972 -0.01)
(-2.99472619 -0.0003287110111 -0.01)
(-2.99768738 0.3331148981 -0.01)
(-2.997737762 0.6642186125 -0.01)
(-2.669110532 0.9982217288 -0.01)
(-2.998770948 0.9963975819 -0.01)
(-2.339684564 1.004886324 -0.01)
(-2.011460853 1.017485991 -0.01)
(-1.68575 1.039084563 -0.01)
(-1.357793746 1.06680081 -0.01)
(-1.023540149 1.105627116 -0.01)
(-0.6751587069 1.137511244 -0.01)
(-0.3206299975 1.144613715 -0.01)
(0.03567091753 1.145662745 -0.01)
(0.3848298576 1.113771922 -0.01)
(0.716719046 1.077924169 -0.01)
(1.04174826 1.048076585 -0.01)
(1.364884006 1.028290865 -0.01)
(1.68196709 1.012480489 -0.01)
(2.009013189 1.003247184 -0.01)
(2.335439801 0.9953544166 -0.01)
(2.665697824 0.9919206013 -0.01)
(2.996504778 0.9893877162 -0.01)
(3.334891585 0.9924514455 -0.01)
(3.668422606 0.9959330982 -0.01)
(4.003295521 0.9946317108 -0.01)
(4.332892845 0.992947959 -0.01)
(4.66364517 0.9961616585 -0.01)
(4.994626177 0.6648873526 -0.01)
(4.995965772 0.9978159355 -0.01)
(4.993970022 0.3322794261 -0.01)
(4.990279858 -8.007483565e-15 -0.01)
(4.990279858 -0.3333333333 -0.01)
(4.994838833 -0.6648163241 -0.01)
(4.997823522 -0.9972134856 -0.01)
(-1.275407828 0.05501857976 -0.01)
(-1.284740481 -0.1971379915 -0.01)
(-1.221239455 -0.392791129 -0.01)
(-1.122788587 -0.5606976258 -0.01)
(-0.9721232623 -0.6832975146 -0.01)
(-0.8821834054 -0.8649037086 -0.01)
(-0.7947470891 -1.007474436 -0.01)
(-1.724345081 -1.3382158 -0.01)
(-2.028661334 -1.332369925 -0.01)
(-2.343788429 -1.331526287 -0.01)
(-2.666723751 -1.331031087 -0.01)
(-2.995334857 -1.331017613 -0.01)
(-3.326853239 -1 -0.01)
(-3.326805702 -1.330968383 -0.01)
(-3.326853239 -0.6666666667 -0.01)
(-3.326853239 -0.3333333333 -0.01)
(-3.326853239 8.909539773e-15 -0.01)
(-3.326853239 0.3333333333 -0.01)
(-3.330198048 0.6649600133 -0.01)
(-3.330924045 0.9979899532 -0.01)
(-3 1.326853239 -0.01)
(-3.331314532 1.330913398 -0.01)
(-2.666666667 1.326853239 -0.01)
(-2.335358889 1.330761602 -0.01)
(-2.006764874 1.341321213 -0.01)
(-1.679991881 1.355951183 -0.01)
(-1.348831881 1.375732731 -0.01)
(-1.012538416 1.396496284 -0.01)
(-0.6706310549 1.41198646 -0.01)
(-0.3256653943 1.40631544 -0.01)
(0.02057099856 1.416309141 -0.01)
(0.3615691645 1.403211667 -0.01)
(0.6954688929 1.384037942 -0.01)
(1.022809178 1.366169324 -0.01)
(1.348669965 1.351153944 -0.01)
(1.673913586 1.340747759 -0.01)
(2.001657943 1.331878019 -0.01)
(2.333280544 1.325682367 -0.01)
(2.663268227 1.324820812 -0.01)
(3 1.326853239 -0.01)
(3.333333333 1.326853239 -0.01)
(3.667791892 1.328971318 -0.01)
(4.002623971 1.329856572 -0.01)
(4.333333333 1.326853239 -0.01)
(4.666666667 1.326853239 -0.01)
(4.99799043 1.330927755 -0.01)
(5.326853239 1 -0.01)
(5.330917447 1.331522305 -0.01)
(5.326853239 0.6666666667 -0.01)
(5.326853239 0.3333333333 -0.01)
(5.326853239 -7.993605777e-15 -0.01)
(5.326853239 -0.3333333333 -0.01)
(5.329191638 -0.6640904712 -0.01)
(5.331967942 -0.9980130463 -0.01)
(4.999273866 -1.330446774 -0.01)
(5.332036794 -1.330974235 -0.01)
(4.666666667 -1.326853239 -0.01)
(4.333333333 -1.326853239 -0.01)
(4 -1.326853239 -0.01)
(3.666666667 -1.326853239 -0.01)
(3.333333333 -1.326853239 -0.01)
(3 -1.326853239 -0.01)
(2.668762968 -1.329782477 -0.01)
(2.34260588 -1.334251683 -0.01)
(2.020464451 -1.341452403 -0.01)
(1.704901279 -1.353103087 -0.01)
(1.392905662 -1.367929506 -0.01)
(-0.1055874077 0.3381169272 -0.01)
(0.01756634595 -1.675342619 -0.01)
(0.3814375654 -1.705587687 -0.01)
(0.7147785242 -1.701132763 -0.01)
(1.039103223 -1.693514611 -0.01)
(1.361524029 -1.68514668 -0.01)
(1.68531732 -1.677613234 -0.01)
(2.011104915 -1.671422958 -0.01)
(2.336600603 -1.665358706 -0.01)
(2.666666667 -1.663426619 -0.01)
(3 -1.663426619 -0.01)
(3.333333333 -1.663426619 -0.01)
(3.666666667 -1.663426619 -0.01)
(4 -1.663426619 -0.01)
(4.333333333 -1.663426619 -0.01)
(4.666666667 -1.663426619 -0.01)
(5 -1.663426619 -0.01)
(5.333333333 -1.663426619 -0.01)
(-3.663426619 -1 -0.01)
(-3.663426619 -1.333333333 -0.01)
(-3.663426619 -0.6666666667 -0.01)
(-3.663426619 -0.3333333333 -0.01)
(-3.663426619 8.826273046e-15 -0.01)
(-3.663426619 0.3333333333 -0.01)
(-3.663426619 0.6666666667 -0.01)
(-3.663426619 1 -0.01)
(-3.663426619 1.333333333 -0.01)
(-3.333333333 1.663426619 -0.01)
(-3.663426619 1.666666667 -0.01)
(-3 1.663426619 -0.01)
(-2.666666667 1.663426619 -0.01)
(-2.333333333 1.663426619 -0.01)
(-2.002381544 1.668073895 -0.01)
(-1.672474477 1.675601432 -0.01)
(-1.339826632 1.682435038 -0.01)
(-1.005209237 1.690413134 -0.01)
(-0.6685666393 1.697201145 -0.01)
(-0.330697196 1.696953167 -0.01)
(0.007994395515 1.70020849 -0.01)
(0.3443531823 1.695072496 -0.01)
(0.6776856238 1.68741409 -0.01)
(1.008600919 1.679802868 -0.01)
(1.338380597 1.6738422 -0.01)
(1.667464767 1.667309246 -0.01)
(2 1.663426619 -0.01)
(2.333333333 1.663426619 -0.01)
(2.666666667 1.663426619 -0.01)
(3 1.663426619 -0.01)
(3.333333333 1.663426619 -0.01)
(3.666666667 1.663426619 -0.01)
(4 1.663426619 -0.01)
(4.333333333 1.663426619 -0.01)
(4.666666667 1.663426619 -0.01)
(5 1.663426619 -0.01)
(5.333333333 1.663426619 -0.01)
(5.663426619 1.333333333 -0.01)
(5.665574712 1.665677715 -0.01)
(5.663426619 1 -0.01)
(5.663426619 0.6666666667 -0.01)
(5.663426619 0.3333333333 -0.01)
(5.663426619 -7.951972414e-15 -0.01)
(5.663426619 -0.3333333333 -0.01)
(5.663426619 -0.6666666667 -0.01)
(5.663426619 -1 -0.01)
(5.663426619 -1.333333333 -0.01)
(5.666666667 -1.663426619 -0.01)
(-1.0448329 0.04912135301 -0.01)
(-1.053353444 -0.1272406942 -0.01)
(-1.014215365 -0.2980934062 -0.01)
(-0.933254549 -0.45596318 -0.01)
(-0.8263473881 -0.6019224355 -0.01)
(-0.7318582733 -0.7631826345 -0.01)
(-0.6356352259 -0.9139670007 -0.01)
(-0.6953024622 -1.122467501 -0.01)
(-0.5497987963 -1.090216942 -0.01)
(-0.4977637632 -1.293604793 -0.01)
(-0.4320675709 -1.50471964 -0.01)
(-0.3629597188 -1.7390318 -0.01)
(-1.694038746 -1.672780644 -0.01)
(-2.013926459 -1.668502201 -0.01)
(-2.337768198 -1.666464831 -0.01)
(-2.665252336 -1.665358665 -0.01)
(-2.99606003 -1.664147687 -0.01)
(-3.328951616 -1.664704149 -0.01)
(-3.663426619 -1.666666667 -0.01)
(-0.1749916287 -1.432555032 -0.01)
(0.5637115199 -0.269912067 -0.01)
(0.3476320129 -0.1277484968 -0.01)
(0.464420684 -0.1962262734 -0.01)
(0.5026821107 -0.4453721448 -0.01)
(-0.2993326784 -1.219131943 -0.01)
(0.005161244176 -1.285962408 -0.01)
(0.1079224124 -1.105112118 -0.01)
(0.3858138444 -0.363716879 -0.01)
(0.01644473702 -0.9802781003 -0.01)
(-0.1360961861 -1.116221438 -0.01)
(-0.3910858816 -1.027919822 -0.01)
(-0.4804780922 -0.8388418503 -0.01)
(-0.5742546704 -0.6834043926 -0.01)
(-0.6628069202 -0.5264831491 -0.01)
(-0.7506498089 -0.3806241177 -0.01)
(-0.8252148609 -0.2386788703 -0.01)
(-0.8614522055 -0.08818648716 -0.01)
(-0.8663593792 0.07032790395 -0.01)
(-0.7334616889 0.2644201978 -0.01)
(0.2798280213 -0.2614162835 -0.01)
(0.1835364027 -0.3859428807 -0.01)
(-0.2375286733 -0.9339902013 -0.01)
(-0.09359112942 -0.8303187497 -0.01)
(-0.3286248482 -0.7583938798 -0.01)
(-0.4181063058 -0.6068353647 -0.01)
(-0.7024594582 0.1046496937 -0.01)
(-0.5024504785 -0.4600661494 -0.01)
(-0.6756265998 -0.04255060307 -0.01)
(-0.647011149 -0.1877362953 -0.01)
(-0.579674048 -0.3212602255 -0.01)
(-0.4290264999 -0.2639433082 -0.01)
(-0.523369361 -0.0196801123 -0.01)
(-0.4894870322 -0.1440287656 -0.01)
(-0.2982393271 -0.1933327864 -0.01)
(-0.3630992434 -0.007228214803 -0.01)
(-0.3407351103 -0.09298353652 -0.01)
)


// ************************************************************************* //
