/*--------------------------------*- C++ -*----------------------------------*\\
| =========                 |                                                 |
| \\      /  F ield         | OpenFOAM: The Open Source CFD Toolbox           |
|  \\    /   O peration     | Version:  v1706                                 |
|   \\  /    A nd           | Web:      www.OpenFOAM.com                      |
|    \\/     M anipulation  |                                                 |
\\*---------------------------------------------------------------------------*/
FoamFile
{
    version     2.0;
    format      ascii;
    class       volScalarField;
    location    "4";
    object      p;
}
// * * * * * * * * * * * * * * * * * * * * * * * * * * * * * * * * * * * * * //

dimensions      [1 -1 -2 0 0 0 0]


internalField   nonuniform List<scalar>
7155
(
13.5008
15.2676
18.248
15.4883
31.4783
28.5705
33.5881
31.7493
36.6064
33.7732
28.5348
23.9832
27.4117
29.1444
28.7405
32.7062
32.6082
26.0915
23.9206
26.4864
26.5287
30.9551
30.8075
44.2097
47.4097
42.673
39.6044
40.8097
19.3388
20.9507
18.92
18.5572
16.8641
15.9927
12.509
12.27
12.0156
11.4733
11.6929
30.4249
30.3358
28.2511
27.9844
30.4131
29.92
29.5733
29.9022
29.9099
27.8697
26.2374
30.8787
40.1103
38.1387
38.4578
40.0616
35.48
36.1179
28.8002
30.3038
14.2394
13.815
13.8091
13.5481
15.2993
14.1634
14.9443
14.3901
15.2702
16.9438
16.9234
15.9148
14.8789
17.7174
16.006
12.9021
13.045
15.3227
32.1989
38.1616
33.0439
38.568
33.6322
39.3278
30.4875
41.1448
44.9479
41.7406
41.8801
44.0292
34.504
25.9395
24.2365
27.1434
26.1689
21.5195
23.2632
21.4655
16.3942
16.548
14.4894
13.9136
15.2678
39.501
40.9221
36.3734
40.413
37.3522
33.8268
36.4165
15.6252
18.7472
17.8236
23.7946
26.198
27.9507
25.1566
30.5572
29.723
33.196
32.0961
13.6253
14.5169
13.3735
12.2469
12.7772
15.3544
14.9044
17.4354
19.0715
17.5763
18.0239
21.7649
22.4729
34.3178
33.0218
29.4731
27.8731
23.1819
25.0698
29.8983
35.4826
28.6778
28.096
25.2318
23.7956
24.9396
19.3581
20.1391
19.4317
20.254
18.3931
17.4476
16.4392
18.3744
17.5847
16.4963
15.9175
13.1362
13.8323
12.8969
12.6448
11.8337
12.5568
15.2189
18.3212
39.1416
37.3238
35.945
34.144
32.0688
33.6307
30.8611
27.6595
27.5193
37.1373
32.4013
35.2447
34.2552
34.7995
33.8326
32.7364
31.9766
33.0195
33.7385
32.5769
20.9385
23.2404
20.7927
18.717
12.8513
11.4213
13.0844
14.9234
14.8319
15.6016
12.2166
12.2667
10.4807
9.3337
9.6998
9.9509
10.0968
11.3966
13.5866
41.8941
42.2982
36.0598
15.0338
15.2631
16.922
18.1101
18.9637
17.5958
17.049
30.4357
28.5378
25.6743
27.4922
10.829
11.1497
11.2904
11.6344
12.7056
11.7251
13.5127
12.4167
12.7594
7.9305
7.3723
8.0373
8.8316
2.8749
2.6941
4.289
3.614
4.3505
3.5945
4.3206
4.7632
10.8116
11.1881
12.5165
12.2775
15.8525
17.2241
11.062
13.4114
19.0463
18.9986
15.9132
19.7899
17.408
18.5677
19.8168
5.5068
5.6304
4.6738
3.9569
4.1411
5.4387
5.2731
5.365
3.1731
1.9219
0.16367
0.51899
23.885
24.2392
28.6905
28.2408
18.5508
18.7958
23.5013
23.1149
5.3816
5.0599
4.8812
4.6988
5.6555
5.4357
5.0383
4.8407
1.9543
4.3161
7.8535
4.5575
11.5317
12.2979
10.4779
9.6286
9.0414
9.688
7.4653
8.061
11.4554
11.742
10.8801
17.9482
16.7116
20.75
22.1174
9.3037
10.3491
9.6117
9.1189
30.4956
30.6617
25.914
25.2948
29.2618
26.8623
25.1198
23.0139
24.9055
23.0752
22.7244
22.7663
22.9875
24.4252
22.4123
24.7475
13.1991
12.5934
16.8641
17.2641
17.7828
17.7153
15.6652
15.3718
16.5283
15.933
22.0118
22.6566
24.8888
23.3999
19.7873
19.9861
22.2276
21.9062
19.1238
20.5307
23.0692
21.3359
12.9163
15.39
16.8565
15.0333
9.6752
10.8082
6.0732
5.9096
7.0884
7.1886
6.8176
2.7813
3.7689
3.8266
4.7887
12.7655
14.1246
18.7616
18.3697
15.4696
-0.52203
-0.44711
0.89308
1.0886
20.2553
22.986
21.4677
18.4402
6.2819
6.3897
4.622
5.0683
7.0309
6.3818
8.0126
7.838
9.282
8.0726
8.9743
9.834
10.7476
4.2618
3.7238
0.75266
2.4896
1.5965
3.1459
3.2778
1.8705
7.4586
7.5798
6.7272
5.8977
5.9344
28.0506
28.005
24.4876
24.4448
1.5326
0.08006
3.2711
2.5042
5.4741
4.495
6.299
5.5092
8.5808
7.5817
8.177
6.9656
7.6827
6.3579
8.6973
8.5977
9.39
6.4879
7.3945
8.249
6.3466
5.6928
7.2675
10.5899
10.1408
9.4943
9.3745
10.3459
9.7642
9.4383
9.5895
4.3309
3.1697
6.6245
5.5454
20.6952
20.2641
23.1959
23.7882
3.2292
5.0014
4.9192
3.725
3.7233
4.3769
5.0918
7.0903
8.1984
7.879
8.8129
33.631
32.2562
34.3549
33.1081
37.0366
33.1208
0.62626
1.4789
4.3463
4.3384
1.5841
16.3988
16.9578
16.7173
17.1436
15.0586
15.7631
15.6467
15.5985
14.3408
10.8444
10.4231
8.8885
8.9155
10.9631
10.3049
12.6871
12.1805
12.7889
11.6439
13.1871
13.7354
12.8862
11.7316
4.7039
4.9745
4.9145
4.3011
4.0286
4.5617
4.4062
3.8982
4.8071
21.2975
20.9473
23.118
23.4103
11.4132
14.7297
10.9844
14.1889
10.5099
13.5636
8.9975
6.0697
5.9631
3.5371
7.9472
9.5957
9.3646
8.076
10.5461
31.5253
33.3539
38.174
36.1557
20.1311
20.5108
20.9953
21.1476
33.2948
33.7703
36.4786
37.2237
34.5723
28.629
32.6695
60.7745
62.9704
67.8683
66.7738
64.7188
23.8628
26.0309
23.4982
21.1987
21.032
24.4496
25.0994
28.2501
28.5687
9.1813
7.1389
7.6751
6.6278
7.0897
9.5141
11.5757
12.792
11.3898
7.3654
8.557
11.1177
11.3536
12.1391
12.4427
8.7265
23.0904
21.6334
22.5802
21.4361
22.4589
24.7293
25.1675
28.2796
26.5661
24.9397
11.2283
12.6635
14.2686
12.9574
33.7494
36.0041
30.9285
30.9796
27.7606
20.7174
22.3389
20.8804
25.0716
27.3949
20.8019
22.5896
22.029
23.7118
13.1708
12.8541
12.462
12.1984
26.3929
10.841
10.3121
11.3942
10.9186
14.4508
12.9642
11.4689
12.751
9.8425
9.4937
8.2727
13.7321
14.5928
12.5937
13.5566
30.7448
27.3625
9.9922
11.252
28.7373
17.821
12.2917
12.3508
12.4743
12.1862
12.202
10.1385
10.3319
9.7584
10.8644
10.0383
19.5587
20.798
19.3642
20.8959
7.7657
7.3514
7.4373
9.4131
8.179
11.2746
9.7645
10.9085
9.6135
10.9408
14.1434
13.5594
28.8215
27.7643
26.6315
25.8377
17.522
16.5317
17.4339
16.4883
24.1734
21.7111
26.0782
23.3523
24.092
30.5869
16.1616
14.5934
15.8643
16.6931
25.0028
27.5417
26.3031
29.338
15.2284
14.9741
16.5372
15.981
14.4913
13.981
21.9927
23.335
12.5784
12.6627
15.7882
17.4139
18.227
18.4805
30.9715
32.5776
29.2381
35.2649
31.7245
10.7135
10.7544
12.9368
13.3251
13.0634
13.9526
13.7282
16.9516
16.7301
17.5592
17.0616
17.7259
16.6829
33.1334
32.2418
33.4116
32.592
37.8175
36.9925
13.6624
12.9703
14.0763
11.1689
9.4278
12.2021
9.89
35.1183
34.6264
32.6437
28.587
29.1179
35.9849
38.0045
35.9748
37.7321
15.5192
-0.096931
7.1418
7.2827
7.1299
4.5407
6.2202
5.6338
5.9642
6.3161
10.7466
11.6574
6.8849
7.9701
6.4785
7.5378
11.8018
10.8748
11.6115
10.7734
8.3293
9.5562
5.7094
7.0613
4.7808
5.7696
7.1476
7.1297
6.4516
8.0089
7.4453
8.2636
8.9854
8.2146
8.8411
10.8108
9.8207
10.15
9.1527
7.4456
9.653
11.1231
12.3961
11.579
10.9009
9.8298
11.5196
10.0821
27.2645
26.6697
28.4809
8.4882
7.6421
9.1252
8.1792
7.2803
7.4749
7.0242
7.2329
14.9787
14.067
12.5479
11.8042
29.6144
29.5738
28.1032
5.8726
4.7304
6.3478
23.0699
20.4678
19.7783
14.1795
13.992
15.0417
9.7391
10.1995
7.8058
7.892
8.2423
7.9746
9.5034
9.44
9.0649
9.8149
9.4366
10.1471
12.6891
12.9176
14.1576
14.4025
5.7499
6.5031
6.1748
4.3451
3.8612
9.1571
6.9869
21.8751
22.1828
23.6271
24.213
9.478
6.7439
7.4416
3.0117
1.8088
0.33173
-0.58721
-0.1077
12.8852
14.6147
10.3571
12.3871
4.7961
4.9287
2.8566
2.8226
3.7021
3.7094
3.8796
10.628
11.7111
13.273
15.3153
14.9425
10.3657
9.8278
8.722
8.6001
6.9492
6.3299
6.4867
5.3725
7.4013
6.2765
4.8979
8.7592
8.5364
9.3615
9.164
9.5297
8.6092
8.3158
7.4429
8.0531
13.0952
13.3891
8.9966
10.3059
10.127
11.1451
18.8975
17.1193
18.8011
-0.20562
0.63604
16.1987
14.8108
14.9303
7.9008
6.7422
7.8939
6.4006
7.2035
6.4634
8.1874
9.8465
8.3858
8.9545
7.8475
11.6949
7.4515
8.1145
22.9051
23.3873
20.6648
40.1508
41.6788
38.6399
36.4864
41.002
60.8802
47.017
48.7715
50.4298
52.3315
39.6264
35.0388
47.974
40.5025
39.262
42.4178
63.3217
43.8508
49.2057
45.3888
47.8451
37.5113
41.7022
55.2907
56.9045
58.8676
52.7737
53.715
62.3203
64.381
27.488
43.0767
47.2295
39.8104
58.0808
67.1064
50.3127
17.5921
55.622
66.5299
67.3315
55.2489
48.2678
54.9108
44.0973
43.0874
18.4795
43.5415
53.9221
50.2356
46.6596
37.9312
52.9264
18.3454
68.8616
28.3866
62.0763
69.2624
37.3272
58.2622
42.0683
29.0491
29.93
31.0715
63.4563
62.1333
35.1163
43.01
63.0837
58.4695
62.1973
24.7845
74.0594
21.2092
67.7621
61.9486
45.3447
50.6454
44.4405
55.7519
53.7239
45.1349
57.4122
68.3972
68.6477
46.1949
52.5115
48.7482
76.2784
41.434
42.5452
34.2763
51.9767
76.0369
55.054
48.1745
41.6251
32.1668
31.2949
63.8983
65.1338
29.017
21.7744
18.7175
62.152
62.1386
57.1859
57.0038
55.9019
33.9994
53.7935
44.8851
46.8668
38.2256
59.0198
64.3943
44.4182
45.8973
16.9474
40.1264
46.3185
49.396
58.2954
53.5951
57.0594
58.7192
67.5894
25.745
55.7721
60.8271
19.3948
22.8752
34.8974
49.4728
45.2432
50.3247
45.054
50.9921
43.4133
54.7979
30.538
29.9431
26.7798
69.2357
46.8595
34.383
39.2175
59.8499
39.2462
34.821
23.8214
24.193
43.3254
52.0407
40.1558
45.5468
37.961
31.389
41.9914
39.092
59.5261
31.8584
42.0695
35.8499
30.1288
26.3965
31.3312
26.6023
28.7429
27.9731
35.7581
37.8985
32.2334
35.3308
37.1702
38.2501
59.9687
24.4546
27.1461
44.2152
38.0017
27.2901
43.4339
20.3116
72.9565
48.2556
49.56
5.2496
1.7781
4.9595
4.1294
3.4086
10.5966
14.6606
11.3381
15.0051
13.7703
10.7265
13.1073
12.8968
13.0402
12.4616
8.6218
9.7915
11.7086
7.071
7.0868
6.7523
7.5325
8.6261
7.7503
18.1972
6.0184
10.7649
5.2454
1.8816
4.9708
4.2793
10.2367
12.6591
33.7321
31.5178
29.7614
4.6011
9.7424
8.4263
8.7811
8.5433
10.6969
16.6337
14.6263
12.5622
13.8663
15.3134
13.3465
11.2977
10.7282
12.4414
12.3991
22.9807
25.7487
20.9274
19.8464
8.3218
15.9279
17.2858
14.7608
10.4744
2.5616
2.4311
3.1278
2.3366
11.6438
17.1415
17.4464
19.7877
17.413
4.0379
7.5706
5.623
6.0262
7.0592
16.0774
18.5836
18.0296
11.7682
12.9257
8.5378
9.8576
9.9489
11.4029
12.0018
5.2475
-1.9426
-1.3257
-0.10292
1.7432
3.6842
-0.025589
1.8752
8.2412
8.6153
7.8736
28.5804
22.6776
14.1923
25.6677
23.1296
9.4909
9.0398
9.855
10.8492
9.2105
9.8289
11.6039
4.7281
3.8758
0.69094
-1.0968
2.2537
3.8584
3.6505
1.9977
17.7541
13.1983
25.5174
24.4572
6.3196
-0.41241
3.0652
7.6125
6.7008
6.0993
3.8647
3.6977
27.8064
24.7336
21.3598
21.6068
20.8044
11.205
2.7596
2.2482
1.7613
-0.20415
3.5936
2.2932
9.2793
14.1288
14.7497
8.9298
8.8309
9.9537
11.6924
12.5493
8.2452
4.4666
8.9632
9.522
7.755
8.9495
6.6576
8.1007
27.2562
27.7173
5.809
3.0978
7.1829
8.356
6.4555
6.5355
5.5855
5.7785
8.2821
8.8093
13.2709
9.1129
9.8484
8.8769
9.6637
11.0701
25.816
7.7563
13.3643
16.2394
17.1442
11.387
14.4398
12.4808
15.5407
17.3782
12.9345
16.1327
7.7526
11.6338
14.9281
12.7574
16.1139
25.5511
21.9666
28.4626
33.631
8.0178
7.881
32.7574
31.999
1.2177
3.0054
14.1737
16.0794
11.4411
13.2541
18.0427
22.8867
13.9466
17.8754
17.2528
17.8854
28.916
22.6674
8.9456
7.891
17.8787
20.74
18.0831
17.422
18.0228
19.1558
15.0831
10.9927
10.2823
6.2243
11.9255
10.052
11.6782
9.8647
21.0319
21.5787
15.9775
24.1749
22.0049
21.9094
20.0076
19.6499
15.4298
11.9921
13.0308
17.519
8.59
5.2682
10.0838
9.579
12.8959
10.4746
10.7643
10.6252
10.3683
11.5968
11.4111
-0.11507
-0.057742
0.2536
1.2142
-0.38684
12.9751
14.6735
15.369
7.3753
-0.46952
2.9733
10.3165
12.5839
15.4446
11.5152
11.1104
12.0553
12.618
13.2653
12.2752
2.0968
4.1292
4.2983
6.7592
11.6863
2.6762
3.89
5.6846
4.8569
5.8967
5.2513
6.4579
3.3619
8.8847
7.209
5.7697
5.9849
12.1344
7.4666
20.2485
20.3503
26.1519
23.0256
22.7828
22.5729
7.8598
7.9538
13.3744
8.2601
8.0407
9.5599
9.5305
10.6713
24.9903
18.7529
23.3306
19.1864
21.5352
21.7371
21.3358
21.2899
14.6897
20.746
9.539
4.7055
9.1087
12.67
16.48
14.883
17.4663
14.2988
15.1254
14.5128
15.4112
8.7362
19.3843
38.475
6.4602
8.1001
6.1256
8.2841
7.8713
6.7225
7.4277
6.7866
31.1315
28.6362
33.9376
36.9664
31.8473
35.0792
30.7241
33.6132
29.653
26.024
34.4779
30.5298
31.9801
29.727
6.6524
15.6167
19.5925
17.3632
10.1455
14.2783
13.3956
16.698
31.6488
29.355
12.4885
13.5996
27.883
-0.20675
1.373
-0.48254
2.0657
0.61258
6.7363
27.0703
16.5099
11.9155
12.3233
14.3601
25.3563
18.959
21.994
19.1044
23.431
19.7247
21.5486
34.7813
9.2206
12.1826
9.8261
11.1026
30.4965
-1.0885
4.7999
3.9566
1.2958
5.7373
2.3934
5.42
6.1113
5.5037
6.1128
4.8685
5.2687
6.3447
4.6494
5.8624
4.1835
5.748
5.471
6.4988
6.025
32.7912
22.3506
29.5205
31.6528
7.7264
11.378
5.5511
8.4843
8.8744
8.6323
11.9764
3.5259
9.8228
8.7459
8.1053
8.9672
9.8001
11.7593
13.068
10.3014
9.9053
6.5366
6.3534
6.4963
11.7668
8.4317
11.1671
19.0526
10.442
13.516
24.6914
19.3125
28.0246
25.2321
23.833
19.7101
2.7267
6.8648
4.1416
5.7368
5.0705
1.8614
2.3632
-1.6811
0.76566
1.4535
2.6972
3.037
-0.29754
2.909
2.7547
3.6164
3.5948
4.1783
-1.6629
6.3867
-0.32674
2.3958
4.4035
3.553
5.2023
4.5569
4.8572
11.1738
7.5991
7.5996
13.2694
11.5437
2.6459
2.1145
4.0051
8.8853
9.9853
4.837
33.0227
26.2016
7.9859
0.88788
0.40139
0.18271
3.5579
3.4811
1.4268
25.6076
12.825
1.8639
1.4305
2.1959
2.3408
3.9417
7.5474
4.083
8.9134
19.3429
22.2419
18.6031
13.2352
19.1627
17.174
6.734
20.7543
21.4725
18.2252
12.5517
14.8212
19.2675
25.4886
29.1049
17.3313
22.5695
25.9233
25.8495
20.9525
23.5878
22.2534
24.6775
12.5437
11.1894
18.5351
17.1074
25.6287
28.6791
29.4165
32.1613
22.3453
25.7241
26.795
29.3102
28.5732
14.2157
14.0156
16.5403
22.4278
24.901
22.3342
20.5116
22.919
14.7418
24.3917
13.3537
14.3379
15.5082
17.4724
6.9086
9.1789
19.1307
32.7187
29.5904
24.6672
25.3019
21.2378
24.0054
25.7345
23.944
25.9853
11.5345
4.7528
18.6842
6.8964
7.5668
12.4065
8.5889
13.5726
3.3643
-0.93657
-0.49781
-0.28384
0.23978
0.97252
2.3963
0.80834
16.8454
19.4867
19.6225
6.442
6.5078
8.2803
6.8106
5.6
6.8299
24.741
23.8593
30.9642
29.3511
11.6633
3.2597
3.848
13.5397
11.4682
10.9087
7.0803
6.175
2.8881
6.089
4.2699
5.5095
11.7557
12.0512
3.2023
8.248
2.9737
9.1651
7.7691
7.6987
5.1877
5.2252
28.6831
21.8026
25.9491
28.2111
24.6043
22.2741
25.6386
28.36
10.2876
7.743
14.3455
9.8096
11.1476
13.0689
14.1482
19.6958
6.2711
15.7134
15.8216
12.95
14.5847
11.5985
14.0158
20.0364
8.742
14.0803
12.9379
13.0055
4.9059
0.97623
1.1834
2.6489
3.8415
3.9872
2.6508
-1.4334
-1.2622
1.4372
4.446
1.7928
11.1113
14.6302
0.96219
2.9425
10.6355
6.2209
12.5329
9.5307
11.7362
15.5642
11.3461
12.9362
21.9935
7.2403
7.5007
6.8801
6.2673
20.2053
25.6557
18.9723
21.5567
26.5466
18.1335
17.3266
15.1414
15.9573
15.4421
16.2497
13.0189
18.1728
23.4958
25.021
12.7389
17.5124
21.9516
17.3798
21.1079
16.4941
30.4665
37.5112
29.9883
28.4843
31.3567
29.0578
33.7848
31.2955
0.99319
-1.1895
2.2427
5.1314
1.431
4.138
13.2552
2.6228
2.5099
2.295
5.6671
7.9571
5.6504
3.273
5.2187
7.1169
5.0852
4.4967
4.5875
5.6144
26.0723
8.5498
15.1063
9.5511
6.14
8.553
8.0192
10.7466
10.1062
8.0219
6.4426
5.6401
5.2896
6.392
22.7095
16.4982
14.9323
11.8992
14.2853
8.8965
9.5055
8.7977
6.5837
8.1248
7.4856
8.8392
7.8646
20.7383
26.6707
23.0889
24.4514
9.5369
9.9908
3.6573
8.3351
9.9653
7.9139
9.1256
7.3226
12.5844
2.0394
2.0261
1.9401
7.2334
3.9938
3.5621
1.8226
24.9686
30.6862
27.638
2.3728
16.8482
4.4038
6.013
5.0478
11.7954
24.4751
13.0356
26.1375
22.9174
20.9834
24.4869
18.6153
22.5465
32.2089
26.2689
23.8551
23.2357
10.0251
12.2757
11.1767
31.9257
10.1157
9.3729
13.4937
3.7575
3.0217
9.6107
9.2718
8.3161
28.2743
13.9551
23.3974
19.7884
11.0155
15.1706
12.4893
20.1679
18.7873
5.3738
0.53558
4.1445
2.5004
7.5789
5.0231
5.4183
5.896
5.5427
6.0448
16.4145
19.6039
-4.8932
7.2361
15.9731
10.4077
16.7947
10.4064
6.4885
6.4028
0.31093
0.70306
5.9794
2.6703
6.0722
4.6634
19.17
24.3569
21.853
16.5383
28.8473
31.2749
23.057
20.4403
17.8371
22.297
23.3175
21.1801
21.4864
20.1235
20.1358
17.0603
20.7285
10.4043
8.7612
4.0622
7.0731
7.7366
7.2173
5.5928
6.8422
24.4197
2.2704
5.8616
4.2785
6.0116
5.9042
6.0738
4.6395
4.6719
3.0791
2.7728
6.8365
5.0416
4.279
6.7183
9.3093
6.7004
0.96353
6.9001
4.7446
4.5975
6.3714
4.1711
5.9048
8.7102
13.7231
10.5636
11.1014
16.0056
10.4881
12.3348
6.4331
9.7506
11.0333
13.8998
11.9366
8.8541
13.9024
10.5246
-0.22811
-0.046872
-0.089233
1.0237
-0.44783
1.1713
6.3509
6.0311
10.5896
9.3865
6.8428
12.7329
15.7408
11.2162
9.7721
11.4693
11.9026
13.505
28.5301
22.4607
30.8565
25.8971
26.3723
24.6554
27.4613
29.012
12.2358
7.352
8.5627
7.4907
7.4667
7.9522
8.979
8.9017
22.355
24.4996
26.9919
30.469
27.7061
25.3576
23.8988
26.3271
18.7793
23.3254
28.5748
25.2548
19.0753
22.8121
16.5938
7.897
6.377
3.7985
15.1346
8.0977
13.2404
19.6384
17.6445
15.1936
17.0647
17.1011
16.2836
9.0527
13.76
16.726
14.1707
13.9309
5.2203
1.5639
1.9611
7.4578
6.1214
5.4538
3.9534
3.5465
4.6659
14.3652
12.0061
7.5507
17.715
9.6833
23.6433
18.2443
10.8285
21.3391
24.9838
18.3642
22.3636
15.5189
19.7297
15.1626
10.4385
18.1871
5.4545
10.3484
9.6335
14.9418
14.7908
8.5264
9.333
13.3122
10.145
9.0942
10.5121
10.4336
11.6395
0.31398
-0.96033
-0.77956
0.39038
4.7547
3.0519
2.2754
7.3069
2.1689
5.6445
5.4829
3.5312
5.8079
3.9929
8.9399
7.782
6.391
6.6442
0.90726
0.85992
7.1758
4.4961
1.4436
2.9112
10.6994
8.6256
10.3509
10.6558
12.502
9.2474
10.7848
10.1538
10.5812
11.4411
10.1913
10.9407
5.0028
8.6374
7.2016
8.4517
36.0903
33.3099
38.9957
16.3678
13.6771
16.5888
14.3738
14.7094
17.8901
14.747
8.7802
9.8819
7.0706
3.3812
9.0962
7.5619
7.5391
10.5366
11.1377
8.5391
5.7216
1.0955
4.6414
4.5611
4.0946
-0.16117
-0.48307
4.296
2.9886
0.066126
1.1062
29.9716
20.9551
26.3285
24.4487
23.949
3.4793
3.0733
7.6494
4.6213
4.4201
6.4142
9.8496
11.1167
11.724
12.8111
2.7165
4.0175
3.052
4.1722
3.8498
5.2578
31.1536
9.6185
11.0972
10.7084
13.0024
11.7683
10.7949
11.5334
10.5552
32.7038
36.3967
14.7017
6.0877
10.2525
10.8297
10.682
9.0885
9.6224
3.9746
8.3516
5.8144
10.5988
10.0387
10.7587
11.0093
11.7105
12.0822
6.0164
4.0876
2.616
2.3151
2.6896
2.6414
3.3028
2.6458
4.1713
2.568
3.0232
4.8075
1.9456
2.3227
2.8549
3.3774
7.9351
9.9976
4.9125
4.8132
4.2096
4.1274
1.7501
0.57377
4.3414
3.8538
2.6899
2.7714
15.0081
12.0239
31.1437
34.2637
25.0058
25.1143
33.7943
5.5087
3.8453
10.1452
5.7879
5.5619
5.5468
1.1554
1.3681
5.8806
5.1229
3.3059
3.2011
-0.11471
-0.022299
4.7648
1.2151
3.2094
6.9356
3.6314
9.2856
9.1634
6.9711
8.6807
6.4825
8.1174
8.855
10.7258
10.7999
-0.039195
0.035287
0.060479
5.6995
4.138
2.2845
0.54043
2.4058
9.1042
7.7587
14.8345
10.3424
8.6103
10.5873
9.2833
11.1427
12.2882
16.6719
12.9126
15.4171
3.7153
8.5361
6.7598
6.0535
8.1442
6.7046
23.9593
23.872
24.233
26.2942
39.9475
31.9227
9.5515
9.4756
39.7056
34.3269
39.6811
39.835
35.9443
38.1524
16.3579
23.7867
25.6529
23.4838
12.3746
20.8279
31.6276
32.1485
31.1076
27.5201
28.3064
17.1932
33.4247
13.7351
15.9436
14.0784
33.3566
39.534
35.3719
27.2212
29.87
30.1487
39.2547
37.6227
37.1998
18.5286
13.1214
13.8761
30.6596
27.7846
21.3285
13.886
16.1378
12.9447
14.0449
13.6412
14.9679
14.9467
16.7393
12.973
13.9226
37.0636
37.9087
43.533
26.0521
21.8703
24.4851
42.389
40.3086
41.5044
20.8233
19.8342
19.718
19.6213
19.4421
24.1636
20.2472
19.7092
19.9964
26.6908
34.2817
29.5327
31.9027
15.5249
15.7626
16.0279
15.1467
34.3926
36.9979
37.3374
44.0596
42.6094
42.2145
19.0042
12.1355
10.9409
15.5427
21.5881
24.3909
24.7301
25.5546
35.2869
17.666
16.8236
14.5185
15.0602
31.746
38.5858
37.3865
39.3655
39.2812
30.3408
25.428
35.4896
29.1514
36.5974
32.5573
31.876
27.7837
28.4247
12.6833
27.4032
31.8731
29.6108
17.8862
35.1913
35.9225
14.9267
22.6207
18.6171
20.6382
22.1975
14.572
12.8112
13.4293
21.2746
41.8081
42.0663
25.6722
29.0848
28.9137
9.3505
8.2201
8.0834
15.6077
10.0966
10.957
24.4217
25.4241
12.9582
12.2468
32.6734
31.464
26.1199
25.5167
17.1225
12.2167
28.0286
28.1303
11.0915
12.0094
20.36
20.4483
30.4271
13.4283
13.7373
32.5734
31.7367
9.833
16.6824
16.9695
14.7386
15.6157
34.5048
11.5008
26.9789
25.2358
16.3661
14.7095
25.3545
24.8785
26.4451
18.0696
19.8719
33.4616
32.0587
14.0183
14.1754
25.6194
175.4454
178.1768
185.8501
180.0111
180.6862
173.5934
304.7441
214.6727
436.3349
367.0426
180.2058
438.7033
163.4949
449.5757
101.1138
447.6168
454.7902
205.5681
210.723
208.1976
209.3786
207.025
209.6954
374.816
377.7362
148.1282
151.2343
178.8673
354.3466
355.0422
128.0047
184.3723
360.0524
359.3024
385.3054
429.7927
433.2829
432.7141
417.0928
62.4358
201.2008
127.5413
206.9116
283.3907
455.4333
451.6849
460.9198
220.0119
216.3602
459.9995
207.1527
210.0402
438.4892
432.8483
440.4249
481.9785
435.1307
195.4412
195.7011
191.9934
194.057
193.9687
195.859
199.4044
202.2773
198.8647
177.4982
354.6944
357.5802
341.5629
345.1051
206.6899
343.9753
346.6102
208.1057
159.6622
429.5414
426.4058
171.2734
163.9065
165.0701
161.8786
164.0531
162.5499
357.5027
347.4325
351.317
348.8035
358.9227
349.9532
191.2461
541.1863
541.8772
548.329
166.7673
169.7832
189.7023
193.0155
186.4864
183.5521
187.6473
188.3749
178.5865
185.6287
191.8856
191.1138
190.7388
180.3974
179.353
178.089
220.645
176.4768
182.4789
203.8664
207.1559
376.7573
120.2817
199.9267
202.2915
206.9273
203.8155
204.0009
210.8547
203.0428
206.7995
200.3603
211.9218
183.6322
125.8644
193.6297
196.2172
199.4292
207.1007
208.5514
209.7548
190.3902
196.8811
256.8996
254.2008
210.6007
210.8055
197.8465
194.0381
206.2363
116.4382
197.8334
195.7003
120.2472
197.4899
201.9458
162.3209
200.5477
201.6788
197.7635
189.4892
183.8895
185.5805
180.0376
177.2178
198.5027
180.1635
192.8267
198.4303
193.9089
184.5942
183.8599
180.4483
193.0254
189.7761
180.9029
172.9681
175.783
380.7893
384.9902
181.7255
176.0648
204.2897
179.5698
185.4551
182.5379
199.309
196.0394
551.7689
538.267
194.8755
203.7767
201.4156
199.1584
201.385
193.3602
214.2488
201.7455
203.8137
199.6379
174.0221
179.927
205.3487
192.1837
170.3943
173.2874
144.5063
146.7348
209.2521
183.5742
177.6281
212.8297
213.0306
88.461
192.4748
228.6088
199.1736
460.1428
453.1526
454.0698
456.0146
137.4239
192.4976
135.1196
213.4622
215.3172
542.5519
191.4426
205.0657
189.013
189.1627
249.6099
249.9136
262.1657
263.1573
320.2409
218.7733
284.8884
202.0652
259.8188
263.0334
199.7161
547.6389
192.1904
299.9358
207.1489
260.98
268.7743
175.8537
175.2502
200.4851
207.3421
182.6708
181.8678
179.7737
187.3587
127.7723
180.8958
188.6037
186.6642
267.8712
302.6686
214.6857
99.315
210.0365
204.7767
222.8473
224.7571
223.8535
225.9167
235.6589
237.1731
230.3868
232.287
228.9499
80.7764
186.7325
229.6592
227.6154
266.6062
447.5691
300.2447
553.8195
203.9894
205.077
189.3261
189.1339
243.8227
238.6042
239.1829
244.0866
202.7369
244.8586
248.8095
199.9249
94.7611
249.427
251.5041
187.0277
185.6467
132.276
457.4642
457.2288
454.773
460.8394
453.8603
444.7963
450.0426
461.9286
167.0292
160.8301
289.3063
290.9903
189.618
238.1713
235.3865
219.142
223.3591
227.9005
147.9462
149.4505
159.5141
150.8924
152.7018
153.6107
149.3801
157.1688
152.4614
154.1765
159.8433
159.3995
241.0933
213.4822
538.1067
164.2
116.1891
164.8203
161.7067
163.6872
165.5724
165.3341
121.9503
89.4497
81.2645
83.7619
173.8987
176.8118
179.1132
181.5728
176.9561
160.8474
181.2904
170.941
206.619
193.9594
181.7711
188.3299
179.1906
180.2523
176.9513
187.601
182.4474
94.9981
178.3432
191.0713
187.1779
180.4935
184.465
161.7554
174.8616
226.4241
146.6779
141.7127
170.4299
196.977
202.4643
200.3177
465.5853
185.2774
176.5648
169.3151
192.3078
272.4564
192.8647
189.6322
202.8213
437.7872
157.2706
184.4782
184.9518
175.6245
209.4847
196.1468
185.4286
165.2138
138.381
144.0121
433.5516
188.5958
140.4331
178.1825
165.9854
225.1423
225.9527
160.148
217.6171
169.2909
189.7139
161.4421
231.7833
220.7113
233.4958
224.0184
119.1465
168.7872
164.1454
131.5193
176.8833
93.0726
193.4629
195.1513
209.7261
163.5475
163.2662
178.6872
178.1458
173.4949
181.7003
194.0354
185.6484
310.5252
192.0087
191.2977
172.3073
194.1191
202.6736
202.0084
173.9204
157.6117
125.6996
150.2085
134.6582
423.8835
223.1968
223.8579
219.8568
220.1964
192.0922
182.3015
204.0861
196.6167
186.6336
210.8137
207.8362
259.2407
203.2965
198.9829
190.2942
467.0765
192.3904
185.86
201.0812
256.9546
257.3868
198.0563
200.0704
259.0499
261.0691
260.1581
206.5326
203.84
191.4406
200.5383
272.4873
141.0722
346.0894
174.7065
275.8499
345.3942
340.5536
186.9069
185.3232
179.285
213.7743
257.7112
258.5658
180.9435
214.096
268.7045
191.2756
146.2219
176.9312
442.1371
385.609
154.8268
201.5532
284.479
273.4944
212.1892
216.2894
213.392
189.8229
213.89
214.366
193.9943
227.1913
339.5188
278.7929
207.5027
177.3993
169.7059
550.9468
192.0314
192.5834
175.9068
210.4381
178.4914
208.3244
190.1364
193.513
195.5364
554.0089
209.792
205.7938
218.3228
269.3369
261.7511
260.2434
267.0387
267.5346
263.8676
266.5756
266.9644
260.893
169.3368
144.375
223.4586
188.2624
187.8881
254.3186
186.1024
187.9164
189.4818
178.598
167.0089
186.9699
190.0013
189.2328
175.33
187.3121
213.3865
183.9486
185.3794
275.3799
273.0897
283.0988
209.0178
299.6514
185.8141
243.9099
467.3215
184.1522
234.9946
327.7791
171.0426
199.0975
301.5145
433.4534
427.4727
428.7349
436.0643
202.4513
440.3426
428.406
434.9839
205.6728
438.9645
427.9561
101.1855
137.3016
137.3984
138.4947
100.9726
162.6665
185.8441
304.6197
360.7983
442.0885
492.5148
489.5934
321.4638
325.7861
318.7407
315.1463
200.8235
201.2218
221.641
217.3469
186.3426
232.91
174.1378
194.64
191.5073
248.141
249.6646
245.9691
224.5229
192.5987
83.0393
82.8341
186.1481
181.3593
250.2259
209.6829
244.6748
169.1833
483.8659
69.7341
176.4497
80.0528
80.6743
171.0805
215.5768
165.7957
473.4568
480.0157
169.92
171.6976
162.8034
167.6748
480.5056
479.2846
360.6286
211.3943
479.0869
476.492
472.6001
469.019
237.292
162.8902
198.2187
373.0352
162.1219
170.3266
199.6836
186.2951
191.0762
213.7993
468.8288
191.5861
185.8102
188.2443
308.0198
222.1917
200.8033
288.0219
189.1757
168.6563
223.0378
192.0959
184.044
182.5914
208.7627
176.3179
187.4443
115.349
173.7963
156.7592
228.9103
177.7479
164.3961
181.738
177.0501
109.6933
223.4134
155.5382
155.1934
160.7708
167.869
181.3402
262.6905
209.1788
417.8912
196.3613
156.1823
159.5785
483.547
180.6478
193.1076
168.3227
365.1522
173.4283
196.5542
179.9779
218.7323
187.2067
168.8145
185.0512
473.2956
168.056
225.4865
170.0369
231.609
171.0023
226.6364
175.579
143.4121
183.3876
197.2011
216.9875
215.733
215.2983
212.0928
209.056
201.3169
133.5811
223.1354
211.1903
185.9711
179.4127
161.575
160.0398
166.0888
161.5433
165.3391
193.4381
186.5655
182.1249
181.7123
164.5673
162.5721
273.4218
206.125
179.1636
199.2258
196.9027
157.6247
136.8158
135.1685
152.6862
165.4028
304.4078
101.9914
107.9515
162.6108
150.8786
187.981
132.674
169.4557
183.0858
186.9623
181.9092
230.237
165.1116
443.4553
138.5097
147.3167
169.2157
176.3144
175.656
175.6478
251.9705
102.5491
163.4313
108.5821
196.7472
179.8262
199.6018
214.0135
140.5996
186.4592
158.4443
156.9831
152
191.7878
181.6531
159.9629
243.018
185.4709
190.1813
179.1264
301.7187
179.2737
235.2153
289.6175
179.3843
179.7121
181.2982
194.0595
181.5191
179.1773
173.124
371.9007
210.8842
290.2386
195.2014
208.317
161.3503
185.6788
221.9527
195.5059
199.414
183.6462
137.8328
278.254
217.4581
209.7822
195.3018
248.8649
175.3128
194.5913
223.9726
169.5447
441.0961
456.1127
445.6585
187.1683
183.8311
191.4568
174.7072
183.1442
258.2042
187.4535
259.7623
243.5798
260.0701
256.8221
256.4387
263.9929
184.0307
421.5558
186.0028
263.806
171.7001
183.9076
222.667
235.5462
456.9976
189.5396
186.9543
185.8973
80.6833
238.0336
184.617
183.6567
435.8342
275.9891
293.7746
273.1412
193.743
177.9467
135.0741
270.7421
277.0425
270.682
269.4619
273.3245
257.8109
256.513
255.4795
258.3935
408.1347
413.9186
418.0737
351.9585
421.5686
422.3254
419.9861
417.1965
413.6642
411.0829
416.8709
265.5834
263.3738
290.9192
348.1672
223.6648
181.2672
367.9742
180.2329
364.9478
188.9364
86.5453
92.0663
94.0532
88.6113
84.2508
88.0713
203.5968
119.251
164.9954
158.0229
145.6891
208.7636
164.1695
193.9325
486.9498
193.5938
178.4703
177.4155
197.685
168.022
170.8048
233.3696
219.687
448.4891
165.265
166.025
212.6353
164.2353
159.7312
96.2297
95.3836
175.2004
165.4628
164.8926
238.2299
206.7651
211.9151
201.0976
272.1551
218.9593
222.5859
144.2386
206.1398
178.5284
467.9867
212.7713
186.6507
207.787
314.7399
308.9661
305.3203
302.3259
189.6001
186.9094
305.8643
310.7572
220.2436
169.7086
192.6098
170.9624
224.9613
174.2253
205.2903
196.3059
265.4177
283.5213
275.7527
237.0362
532.8796
539.6721
225.1358
235.1631
263.0094
435.7852
219.7859
264.3823
79.7576
243.0788
246.8375
191.0452
537.3821
238.055
183.7191
89.6694
53.8022
279.9145
272.5393
171.35
274.5597
194.7061
187.3363
265.1278
300.6016
300.9313
302.2592
302.6802
192.1399
194.3668
197.0032
161.345
185.0661
177.56
259.2492
292.4871
291.292
275.7067
276.2706
267.5786
266.0055
282.5586
268.6223
258.6836
191.0246
270.9551
269.5013
290.0253
259.5212
263.1088
285.4419
275.763
278.5264
268.7037
453.4119
470.0341
547.6645
548.81
255.4201
259.5211
354.5132
257.1695
189.3672
340.6426
341.3888
439.9904
308.2113
275.6324
183.1892
312.5287
311.8946
294.0258
297.6644
300.7387
302.7618
103.083
219.7298
304.8941
324.029
279.8222
308.8005
282.7417
303.4881
306.9369
295.5763
282.6785
126.5943
205.8202
198.8612
198.3195
161.5879
340.2269
351.3554
541.6047
199.9568
344.8916
478.0958
209.631
343.2202
483.4724
480.0463
483.6204
484.6904
172.4485
168.3693
164.8425
303.9142
284.1728
161.0032
251.9544
193.1834
214.6678
170.8447
182.8177
175.0635
241.972
145.0657
197.1941
158.9859
191.4135
190.8607
318.6802
434.1996
202.3192
429.4938
243.835
548.3792
158.2924
203.7368
187.2205
228.7314
233.3684
279.3204
197.2293
194.4936
257.6552
245.0546
238.0987
77.4361
189.6447
195.4763
329.7416
198.3472
163.7444
193.1953
251.5921
140.0813
259.7144
255.4064
139.9103
265.3603
259.9666
236.4667
559.5028
182.9081
264.8745
265.8617
434.8558
432.0552
432.0607
429.7245
387.4844
413.1582
261.2107
494.2909
163.1151
501.0771
501.6375
494.514
518.801
510.2955
516.6217
509.9277
520.6071
517.7655
520.1102
429.404
435.6313
158.7805
214.3131
209.6392
158.4004
159.3074
196.9838
240.1442
378.3735
162.35
433.3372
471.2999
249.4957
482.2534
176.6939
173.3984
91.8703
86.3988
93.465
90.7736
356.4213
84.5692
195.3251
131.7131
190.389
203.0424
88.2312
81.7209
172.8409
374.1418
229.9771
235.3695
242.0144
238.1237
182.6496
228.3443
377.2064
89.3448
377.8839
378.8114
481.2038
387.6502
453.3828
449.7273
457.4969
453.6894
465.9257
464.2609
449.853
194.4427
199.8545
195.8581
201.8327
214.2561
210.31
205.5832
204.5659
192.0519
132.1807
194.5515
199.7336
204.4371
209.4218
212.8491
187.7787
173.2329
145.6936
147.8745
112.4353
108.3728
66.3512
76.6682
263.5237
108.9823
103.6846
112.2918
293.9389
115.852
132.5807
189.6465
157.6782
199.5655
225.6822
117.5771
556.2677
199.8847
160.0208
169.5395
164.5963
313.4008
167.6444
158.1425
185.7735
232.8471
472.7315
469.3868
108.9196
151.1562
190.6074
100.5344
190.9951
126.9043
180.8782
173.0578
549.371
280.7533
200.6099
274.2341
198.5924
290.2521
262.5927
263.4418
182.6488
223.1005
433.7942
428.6228
422.9688
449.7051
448.4556
440.7839
441.9055
174.5191
79.1316
81.1273
307.0182
233.7875
472.9102
112.5603
108.1352
218.0034
230.717
203.2073
175.3077
175.3496
203.4628
202.3217
208.0859
353.85
544.5017
459.662
188.1468
106.3888
280.0358
277.9898
195.0192
82.0382
170.8641
129.9912
179.2515
200.4007
159.5049
176.4876
74.1549
224.9742
484.9979
230.8429
182.6739
189.3349
171.0491
112.9373
250.0617
175.6387
308.145
187.8502
311.5076
182.1358
185.4186
188.9541
139.0014
188.2631
166.3695
144.0026
438.4265
97.8879
84.5988
180.8222
188.1944
177.7462
175.9256
87.6868
179.7849
102.8295
165.1457
209.9614
411.1117
168.9975
145.6845
319.6095
164.2215
185.1189
143.7301
184.2989
178.745
239.4136
395.9452
172.4724
160.1913
204.7317
231.264
252.8408
194.1838
192.7353
218.5964
235.2975
190.2614
154.903
193.173
189.3631
198.3034
315.6844
237.7625
276.1837
111.6875
89.6266
549.114
187.5664
211.8541
186.706
255.2607
188.658
210.9379
191.5673
255.5178
178.8706
263.5678
204.9631
215.5462
175.0076
283.4137
211.3605
221.0571
188.6031
146.3442
167.619
180.283
192.2084
256.0333
184.6976
268.8335
135.6704
285.3363
283.1123
289.7354
205.8318
213.2837
176.8637
196.7662
186.7908
213.1287
158.5322
447.9952
177.1223
172.0848
206.2192
355.5341
166.6366
339.9251
182.5215
187.1006
349.3255
339.6453
494.9541
246.7587
494.4955
309.4332
347.6946
344.7618
345.9245
338.6533
168.8584
180.0975
426.4081
198.4976
424.7083
406.403
417.9514
402.2117
351.1448
478.2945
483.5782
483.3513
425.1209
87.449
483.8868
295.5849
180.2998
477.5553
294.118
172.8677
139.5454
264.4839
150.9899
66.198
158.3869
93.4864
172.963
174.8692
201.5919
150.9029
147.0006
107.2118
171.5616
169.3692
169.9604
217.7739
166.1511
164.3866
167.2256
84.5028
165.383
139.7872
173.4364
166.0709
232.2776
133.6541
177.8613
108.2448
115.3949
90.7208
459.3037
180.6677
180.8529
90.7458
172.7413
182.4948
218.2256
442.7979
84.4779
197.3321
132.4729
187.5745
274.2755
160.0067
190.4261
174.8676
185.8487
461.7637
120.1652
96.1163
451.1885
183.3588
151.7692
183.2318
192.5065
82.9637
180.0734
153.2633
218.3019
123.3635
178.1306
250.6006
186.0813
91.0302
200.0899
185.6813
153.4005
92.8358
251.4238
86.9038
164.7821
201.5509
180.0598
480.3982
158.9262
152.688
174.0183
83.5879
117.1233
315.001
175.0631
140.1898
220.755
178.2605
151.8146
174.9238
139.1571
180.141
216.0227
175.885
157.7672
160.3728
193.3673
433.2112
190.7231
205.6002
237.5223
204.9476
559.0769
125.8487
153.9768
137.6939
207.1691
104.4948
95.7023
178.0241
85.3252
213.452
139.851
153.6992
253.6268
218.0885
269.368
341.5681
193.0485
238.6546
179.4974
188.7224
86.6378
149.3099
255.354
204.4144
188.2607
204.2959
49.1508
342.8947
186.7638
281.8867
169.786
146.8282
297.3114
220.8411
148.8074
280.6441
181.9994
189.3127
219.012
250.8485
243.7423
214.8121
185.778
201.6171
324.9024
233.1492
219.1311
541.3507
329.8073
219.2918
246.2698
109.1025
178.1676
178.7332
328.3211
318.0813
322.639
323.2181
240.3138
230.3983
215.1601
181.7707
221.2295
211.3102
262.9906
235.9303
239.8083
233.2481
169.73
235.1089
332.4218
178.1653
159.7929
216.2165
220.813
220.6718
176.9357
107.1408
231.7595
216.8039
222.7853
431.4327
252.9011
286.093
200.4231
262.4341
218.123
425.025
216.9742
105.7613
227.657
226.1435
106.6618
281.9966
335.7183
281.8595
514.0549
283.7834
288.6266
78.9238
45.6213
62.6778
281.0821
310.4786
268.6955
202.278
177.6101
294.0273
285.8783
270.4371
273.7866
273.4768
276.4905
257.7133
273.6799
255.2752
145.8757
284.9654
167.7002
266.4603
268.9061
175.1724
162.388
264.783
268.076
268.7584
266.3142
280.6807
258.3105
323.0138
200.8182
494.3474
258.9717
409.2987
244.6648
341.4555
224.5351
186.6188
210.9253
274.3208
443.2123
409.583
274.238
228.9532
280.1132
298.9389
292.1598
529.8346
528.1241
298.745
257.7209
523.7546
344.0842
274.2885
202.446
205.6565
148.221
550.5641
279.5934
271.5462
288.552
332.045
329.3022
267.5516
326.9173
548.4363
550.2067
539.2551
325.504
292.5694
288.2313
278.9316
286.6203
290.0122
294.439
291.2569
242.5803
281.8062
322.5885
191.6869
75.136
391.8953
464.3826
174.5874
233.2543
197.5875
344.0454
459.431
135.0108
552.3276
287.569
321.7903
295.4258
292.1547
199.7664
183.725
281.6662
261.8252
469.7891
305.992
347.589
179.9153
185.6465
435.9332
346.9983
304.0086
389.5016
354.8609
355.1252
475.3268
184.9366
242.8537
466.6167
500.2227
500.2442
244.1468
322.7891
83.544
182.1239
418.2948
312.7256
470.3255
320.009
184.3555
302.4543
474.9352
469.5245
486.6274
463.6522
212.8412
497.3097
287.8348
493.3313
243.8642
203.696
409.8673
154.6441
194.4691
379.528
387.361
131.2045
211.6463
194.8516
548.0211
340.9706
193.6588
311.9875
252.0352
249.1839
244.426
208.7706
206.0348
177.9245
450.9826
93.7473
237.9301
495.8224
184.5949
184.4035
176.3769
181.0646
461.5295
207.5537
178.898
316.7428
176.0546
117.1949
227.0426
173.7736
226.6306
146.3264
167.806
161.6998
198.1008
173.7033
129.1948
144.5986
193.8877
187.2013
195.1928
108.4389
105.9776
180.9099
266.6167
433.4277
187.9559
180.3509
215.2419
378.8036
244.245
80.2347
254.8482
249.7607
253.8412
226.6847
244.9514
247.4186
222.7046
131.0065
250.7714
489.0976
91.384
184.7693
151.3913
82.3119
207.0164
202.524
208.3856
178.715
180.407
125.0315
128.8727
173.3039
190.2765
131.6477
184.0399
113.4583
175.7415
421.8539
420.2353
149.6358
181.229
191.6686
96.6832
174.0737
185.6949
261.4814
257.8965
261.4321
258.0391
232.1562
425.3701
214.0155
327.7801
520.5552
182.9284
554.4713
555.6182
550.4822
264.3982
533.8755
545.6417
546.2645
540.1851
418.5022
116.6967
166.7458
130.2213
184.1741
222.4018
215.1772
220.8164
120.1194
476.5424
231.8997
216.268
230.3295
558.4494
201.0367
179.1338
173.1794
534.1502
125.6262
128.5662
182.7675
185.583
536.4497
179.4112
178.6719
352.8656
283.6208
159.8112
157.7449
175.0119
164.6619
170.7894
202.3369
249.8098
223.6688
60.8707
494.5251
167.9272
243.9073
349.8529
344.4964
171.3647
349.6154
187.6906
205.296
190.9197
196.8434
108.5303
149.3628
141.7348
215.1662
185.1071
141.0243
183.5506
181.2955
190.9767
166.7924
98.5784
227.8863
272.8547
182.4908
514.5049
444.5528
431.0568
440.0713
430.9455
436.0799
415.198
453.4061
188.727
418.5706
443.9272
231.0793
366.8733
185.1107
184.4994
185.4817
189.1137
152.6148
111.5041
179.1926
173.7993
94.3955
98.1701
175.5809
100.1339
108.1362
108.3663
165.1662
516.7531
206.9989
88.6168
147.3882
147.2088
137.6421
140.8897
171.0754
162.843
168.5525
136.0231
141.2495
168.837
169.6843
120.748
125.639
133.2649
218.6201
145.0989
170.7876
308.5699
531.4463
148.7202
163.7033
168.8064
102.0998
259.4144
155.0174
165.5591
115.6845
120.1688
525.3873
336.7911
96.1927
93.9552
182.1339
186.8893
148.3822
140.3806
145.4291
112.8823
141.8752
131.2239
143.8948
222.4214
138.3224
210.9704
192.9254
527.5479
95.0628
94.3573
425.8248
173.1663
197.1822
245.9065
168.987
56.7324
302.2898
181.6095
201.4411
260.6632
109.9012
143.9462
145.9769
156.2146
248.6227
83.2103
528.3637
269.9962
162.6074
235.4853
448.047
453.8071
179.9278
435.5665
417.7021
427.7383
347.5616
453.0255
197.1451
532.3747
165.9691
537.8235
248.8066
243.4405
169.6992
199.4244
135.87
181.9209
250.2038
135.911
161.3821
541.3673
178.8416
439.0192
162.1181
430.4237
432.6594
520.0159
242.1765
175.3071
238.888
235.1688
342.2965
179.4066
170.9762
128.4638
179.6117
183.9539
222.1959
195.9034
177.044
198.7166
191.8159
175.1245
186.6239
163.1605
443.8052
118.7243
179.9759
192.7873
248.9264
230.6361
275.6971
180.736
186.1289
173.5825
166.0552
142.5445
190.0345
145.4827
183.5225
182.2488
454.0565
282.7255
279.2116
279.7326
255.8465
279.7273
281.3763
282.8104
141.5926
156.5225
196.2283
191.3599
355.4721
308.5562
278.1128
278.1972
121.1695
254.7779
178.7982
269.1875
492.9972
336.8371
522.6907
293.0393
354.7573
299.7207
264.0851
296.9522
233.3177
326.8025
264.0411
178.7422
318.9138
319.1507
524.8066
315.6448
518.9321
338.6808
300.1575
397.5023
537.2535
328.9372
236.1697
188.1701
176.7235
114.2811
169.7132
344.0696
270.6666
302.845
394.0453
310.6321
537.2539
554.3008
300.998
237.8396
525.9861
317.697
303.1382
355.1359
242.9148
459.7638
193.8324
208.8619
500.4713
166.7259
468.4058
473.2417
294.6277
520.6332
247.2781
487.3088
388.8859
407.5364
400.932
396.2516
399.4816
398.0226
391.3551
213.8193
147.5244
402.4206
242.6576
161.1478
398.1111
514.0967
205.1006
202.9335
518.8848
395.3072
397.4076
483.4542
169.1558
277.6866
202.7605
405.4904
314.095
522.594
459.4608
448.5803
286.9596
385.9405
385.2112
172.4193
391.9028
296.2868
216.7527
285.9924
286.2351
368.9775
78.3247
487.7308
374.7093
403.0152
403.2963
166.1276
431.1037
434.0312
156.0222
236.365
337.7967
488.7062
422.4305
415.5674
425.3526
169.3569
207.4945
413.8364
419.4583
198.0568
184.514
126.1432
339.2944
456.3762
96.1506
178.1027
391.178
268.8394
275.5183
145.6836
453.5244
218.2258
153.1191
222.2265
178.7136
451.4243
207.5335
177.1879
61.5795
212.1089
288.4746
230.0048
114.381
273.741
81.2965
233.8982
284.686
268.4921
405.1945
348.8339
101.8793
372.9716
180.478
57.399
75.8059
69.6588
71.9639
112.9513
105.8614
490.8116
122.3244
171.005
97.2452
108.3641
233.1812
105.3583
78.5625
68.6795
124.8526
79.2733
194.861
75.6391
159.7281
72.0068
236.7459
84.8325
102.408
147.2664
156.2355
306.557
69.4159
168.8927
162.7775
110.6609
135.2537
223.3682
332.8946
456.315
125.7187
84.7769
168.8234
93.9182
176.1778
101.6744
278.0815
248.1183
97.4405
98.8744
89.2121
157.1789
104.2324
176.7971
264.0271
155.8295
252.3295
137.5989
108.0147
140.2532
206.7823
146.25
105.3711
131.4087
170.7811
151.8433
83.8215
140.1758
146.4403
186.3382
294.9239
136.4418
125.0362
293.2841
247.1334
123.675
220.9051
227.9701
154.0054
158.4443
191.5074
138.5755
125.3889
212.5299
128.4924
226.9614
145.6792
53.2406
152.1388
170.4158
197.888
135.8425
136.5249
127.1594
145.8094
551.606
132.983
224.867
104.9254
348.8601
173.811
122.602
129.8429
273.4383
173.5483
151.7905
160.9365
178.4271
151.7975
177.5431
174.558
182.0383
192.6878
141.7824
149.7119
133.0755
53.2055
188.7593
155.0784
320.8334
179.4058
138.3305
188.8822
167.7637
373.1872
181.7914
445.3631
178.1251
113.3824
169.2044
164.5184
197.5401
492.4778
156.7473
121.5891
149.4445
145.5846
139.1554
132.1778
178.6258
159.3571
100.2687
180.7567
192.5709
144.2296
146.3838
438.0683
420.4283
449.8654
442.8644
73.6111
169.2726
340.7186
347.6154
343.6315
419.1472
415.597
172.2142
338.4221
334.292
175.3237
146.6406
179.334
233.5043
389.6202
119.9471
182.7907
236.5007
211.0762
182.6819
198.8886
199.7693
117.9785
147.0258
181.2885
234.7479
538.7792
182.4438
138.4198
222.8993
207.8596
141.1775
202.8616
196.9539
190.4266
192.4116
146.4075
94.5034
187.69
249.6347
215.3036
258.3395
114.897
229.8067
105.2854
266.4347
415.8206
250.0304
187.8002
244.9834
140.3412
205.1207
252.3521
246.1273
322.2167
250.7459
179.8484
179.0646
203.6571
334.8222
333.3414
229.7299
188.603
106.8573
188.4702
182.7414
109.0755
182.9485
111.2861
186.7896
193.6634
180.7585
117.5316
178.8894
187.7906
176.5517
235.3975
239.9885
266.9177
205.7542
90.3385
172.1878
184.6265
227.7473
242.9541
181.4124
203.6452
238.3329
303.3134
185.4633
158.1024
174.9576
232.7842
79.7611
174.5453
197.6812
200.0603
179.2275
225.0473
197.9669
189.0229
178.3605
181.8067
535.5566
555.0394
208.2983
218.792
206.3209
198.4711
142.0232
338.663
238.4089
204.2859
198.5241
215.5929
149.5728
194.4198
190.0438
210.3997
187.3225
249.4478
541.1529
397.3347
337.4349
138.0779
443.4959
269.374
439.0566
544.9663
265.4764
254.4578
209.1381
249.5383
237.0952
95.0976
176.984
230.3422
501.9174
202.8494
162.2975
291.5108
186.7176
266.8025
200.4557
116.2114
271.9784
271.5104
268.8092
170.8837
163.0362
215.3668
347.3625
176.9428
325.9352
290.7821
348.5174
305.0579
169.2576
168.4969
200.1866
283.3157
535.3171
344.7013
537.91
113.2541
244.8558
146.3427
191.7199
206.9586
271.0242
273.0931
177.3237
182.4615
205.2686
189.2413
251.1222
120.8609
134.3115
93.1791
177.635
210.1903
541.9549
408.2246
423.9255
329.5935
520.6525
337.2921
289.0377
242.6208
345.1385
206.0485
204.0451
194.2921
542.2288
532.6539
201.8967
530.2519
536.8519
531.6371
348.4795
293.9005
539.9595
320.0654
523.5316
286.2776
280.0307
282.3193
274.4566
554.4209
302.8351
317.923
322.3812
227.8944
314.2597
292.0344
319.1101
270.4322
266.3535
259.1099
271.369
258.6464
297.7682
235.7877
190.381
316.9692
300.275
305.4858
296.173
147.4468
275.8114
313.9903
309.0462
179.0798
192.1776
240.1832
222.7202
350.2034
251.9087
262.1096
556.8963
548.4447
361.0088
537.0578
529.8163
246.9059
558.8399
283.3416
289.8773
304.8033
302.5113
45.7199
506.4506
293.6236
345.3749
199.2105
332.4952
330.1716
295.5239
323.993
300.3908
274.6413
299.59
307.2146
267.0478
340.1502
284.8715
297.9026
271.4866
183.5763
204.0834
216.6612
529.5285
305.7906
184.9676
321.4657
240.6926
192.7982
314.5849
316.6561
495.0827
333.1175
256.6629
483.022
507.8015
496.1365
507.3189
257.6208
244.6875
201.909
207.698
278.7047
412.9139
133.0192
409.8021
475.5978
434.6112
487.1385
385.8603
393.302
415.2079
254.9858
74.5912
160.3422
287.7418
468.0333
495.0473
448.3315
195.058
121.4421
197.9967
256.4094
316.6246
183.0158
340.4514
435.8124
130.9731
458.3599
175.3413
334.9505
464.0358
481.553
396.5037
72.1507
190.3263
506.0351
310.7996
495.9043
480.4807
447.2411
388.786
458.3903
369.8279
307.1218
295.1512
413.6279
502.8598
423.0594
159.3487
176.1887
75.5334
155.4114
464.5255
119.1007
471.3464
183.0626
87.7927
279.1058
447.2088
382.0182
172.4127
345.7725
372.627
111.9534
268.4356
251.7011
420.1373
85.1071
195.8372
543.0745
476.5116
285.2795
384.4466
557.1376
312.0913
184.4625
176.6133
536.2511
468.5029
415.3041
473.0176
413.3638
197.4687
454.8017
273.8755
455.4864
460.1394
166.7142
541.8342
166.0753
101.9995
391.9344
485.8006
72.4142
421.4154
162.9227
212.1587
481.6134
168.9015
410.3
201.5505
399.1586
347.0687
476.0006
405.1295
123.2407
274.0549
302.2992
342.9687
185.3171
413.571
167.7478
497.112
404.9012
269.1973
293.1262
166.4089
285.8812
560.5112
230.4022
168.0601
290.2045
203.8822
173.2972
443.5026
373.99
420.7548
530.3495
244.7934
167.1666
170.3531
403.7472
309.1148
400.5079
163.9025
165.4949
424.4136
545.1496
555.8665
396.0039
540.6588
212.6177
255.88
181.5973
61.3397
99.8831
300.3122
181.526
93.6711
473.3846
405.0519
200.0087
493.1985
162.0707
104.9047
133.0283
413.564
407.5309
492.824
205.5357
413.6471
167.1606
279.5157
301.5755
132.1005
409.0439
387.7037
166.7403
150.9387
357.8274
404.7763
86.4551
407.2165
189.3233
413.3259
207.3858
402.0153
184.5827
212.0292
207.9805
90.0061
402.642
96.8764
136.4951
67.0379
405.6875
114.3406
408.5811
162.2179
198.7223
407.4389
72.5069
458.2101
266.0594
312.3268
177.9069
108.0022
344.0431
425.7198
78.7163
205.4127
154.1947
101.0458
194.6285
98.8122
77.7505
397.3221
93.6011
81.0928
358.4506
65.6139
403.2625
552.091
167.3799
182.898
96.2063
196.8153
153.6908
422.0478
399.8379
290.7829
205.7064
138.0688
68.7157
65.2936
63.4467
210.1566
312.4429
238.8993
336.8177
94.0461
559.838
142.1768
198.6436
59.5381
307.6174
202.0855
158.7615
199.769
194.4797
50.8913
119.4681
98.7187
125.8232
75.3015
73.3145
204.2021
406.9615
95.9608
272.0615
207.1184
98.9531
177.6767
333.7132
100.8172
418.1748
83.4672
70.4278
410.5814
52.9345
101.1255
107.1037
102.4181
214.9802
176.69
86.3967
275.4219
127.0699
78.935
288.2304
200.4795
193.2937
348.4379
114.566
114.5194
157.5459
111.863
83.2992
77.2662
209.2455
214.5005
401.8526
532.2991
64.2661
238.1247
221.9345
79.1266
174.5245
155.8677
208.1984
96.6475
104.5965
549.2751
289.3372
52.1197
443.1223
362.382
209.0268
454.7131
432.7798
222.7621
225.063
98.9692
185.6741
378.4577
150.8098
174.1058
155.982
63.5713
141.9887
192.2885
295.2886
168.0507
72.4045
55.4985
119.1179
53.6831
166.0003
132.7318
131.7959
349.8919
94.7018
351.2639
292.1874
411.5894
179.3127
290.3496
88.9393
162.9586
420.6815
187.3471
553.4071
139.2805
114.5731
404.5352
118.4716
296.6828
114.1498
106.2377
355.9904
495.8995
82.5441
188.3289
175.5829
145.181
125.6661
56.3541
168.1099
122.1725
431.8734
310.9447
170.9247
95.9297
188.674
89.4667
152.2816
127.3117
175.3821
168.2562
171.998
407.6784
450.9843
409.1318
166.2416
285.239
185.9509
124.7504
197.8107
117.979
250.6994
195.8069
103.4607
198.5831
103.9994
190.4609
116.6251
177.2132
197.6799
118.0008
190.5187
97.7122
107.8765
265.9998
191.2287
193.984
196.7987
175.2036
195.6377
129.4917
185.4104
432.3695
131.0662
488.1319
254.0483
98.5423
175.4523
108.5005
109.1182
97.9319
158.6976
171.4592
112.6826
114.6909
91.8506
450.5354
183.0652
60.0498
92.3479
442.678
561.6578
245.0621
107.1027
130.773
447
119.7913
170.2141
74.3598
169.8227
260.2909
176.9902
121.039
129.8792
140.6534
86.4481
185.693
486.5433
171.4655
444.9214
105.7605
174.6335
176.705
439.7597
137.5649
239.2045
75.1771
108.473
175.067
123.843
156.8424
418.1445
237.4956
130.8035
171.1414
142.9968
112.129
105.1158
116.0434
361.0761
91.8767
493.5618
125.1673
118.2293
74.6091
484.7168
100.418
104.0197
346.5963
131.0717
548.9142
154.1403
107.5916
169.9131
177.9766
137.3668
229.4244
156.4843
137.5529
244.6968
126.6286
156.9942
226.238
92.5648
131.7321
54.3129
66.624
177.2506
122.7367
181.377
102.8744
101.7147
252.3786
160.0896
99.2656
433.0349
180.5545
177.0748
74.7175
338.9899
290.6196
421.3485
101.6975
344.5254
187.7879
199.6697
219.7052
148.4499
186.6672
118.4544
143.7552
108.8692
304.714
104.2571
448.013
188.7273
229.1362
289.7154
187.4476
100.7307
145.7807
167.7091
151.7521
168.5938
177.0732
156.1451
196.0603
240.2669
176.0447
549.9883
111.2545
97.8518
190.2643
189.7194
155.4083
114.7931
78.8119
253.8827
134.8185
167.296
119.7116
167.4743
124.3432
196.7095
200.0337
141.8643
120.5991
368.3954
442.2542
251.7944
400.3851
259.2846
140.1164
234.585
193.6171
134.6732
271.2598
62.9358
198.1883
96.8697
151.407
156.2694
410.5407
117.9049
348.8373
249.0846
189.2661
210.5964
184.6177
156.4233
152.0515
323.9402
283.1338
203.818
112.064
287.3325
148.9268
129.3854
153.4252
119.3428
217.1878
97.8075
120.8918
230.1897
476.6057
244.211
95.5911
327.8406
403.2067
124.2204
298.7761
258.0281
143.7039
211.4333
135.1559
215.1957
377.6346
186.8168
142.047
145.495
165.958
479.8583
97.9189
67.2694
556.3394
94.6685
249.5577
161.6539
484.617
94.0849
174.5256
271.435
200.7024
494.0514
317.0869
334.5762
210.4713
137.9946
446.7505
474.466
135.439
174.7337
173.5957
156.9963
181.7563
305.7224
163.2844
157.5676
92.5753
231.0663
85.1532
264.437
436.7505
190.9668
76.2821
292.2402
156.3445
315.9151
190.3363
510.6241
162.816
127.1918
251.4627
141.8996
180.4202
108.5657
279.6355
121.9036
55.336
103.5657
148.7653
147.5497
147.0794
316.4568
217.9848
193.3894
107.4118
203.8953
112.1278
194.559
403.969
113.7649
168.7067
200.1665
167.4712
148.5486
193.7302
252.6498
250.9815
223.7426
117.4958
213.5213
168.2545
165.0922
191.8779
202.1042
127.7166
220.4539
422.9108
196.9028
511.0593
118.001
104.0411
126.3697
216.945
172.3371
141.8146
117.2018
127.1762
130.43
375.2423
157.4625
131.4494
74.057
204.0691
55.9069
87.1807
168.6749
120.9097
173.363
188.915
175.3083
137.8042
151.0743
213.9073
192.1135
340.4015
399.3861
236.5479
186.5251
537.9424
215.0163
124.614
166.2523
307.6506
273.2327
452.7336
151.597
427.6096
320.8453
446.0235
140.5166
166.2047
182.6895
317.0206
162.6165
499.7201
100.1812
238.6323
130.481
162.452
372.5135
427.4079
169.2544
181.5209
181.1242
152.9671
345.2174
194.8277
203.921
111.3443
199.0485
170.2097
188.1269
171.1112
542.6972
91.1465
148.2141
199.939
251.3091
219.1336
532.1927
263.6197
532.6483
104.807
89.8692
154.9649
184.8445
143.2892
149.6863
203.0375
189.1198
146.8001
462.9602
220.1169
195.8139
182.8909
187.2554
124.3105
128.1341
182.5752
172.849
184.1158
193.3301
194.4687
128.1467
188.707
153.0009
139.6985
179.8957
145.7971
165.1518
227.6533
339.0415
206.4848
245.491
146.314
162.0739
458.9098
166.4128
179.4296
218.2729
165.5026
117.0434
119.6503
461.2578
203.0855
195.2476
243.8655
98.3739
128.5871
79.4033
262.8939
61.1453
173.844
195.3697
298.599
178.3299
111.3296
240.4976
352.2682
151.9849
160.5974
348.2329
169.1379
192.6927
155.1503
226.0523
160.8261
171.8211
203.0178
169.9382
393.4457
134.9209
170.2434
240.411
364.0308
191.1329
192.6932
265.7766
161.3283
269.2959
236.3344
51.9847
212.1177
352.2534
218.9367
214.5346
279.5731
221.2025
416.2906
195.3592
416.1116
195.9959
188.4089
238.2126
113.4877
202.0428
361.515
520.2333
162.777
209.2751
147.4446
167.2731
121.4825
162.847
181.4594
177.8668
209.7562
162.5583
183.7165
355.8489
58.7556
183.8617
130.2435
484.288
235.3212
170.5349
356.3575
193.9568
113.9614
345.9445
211.2744
175.1107
109.3653
155.5182
282.2013
171.2974
220.966
190.2563
149.5364
253.1313
501.2947
525.948
182.0781
197.4192
225.2085
114.5401
486.1461
273.0825
165.2595
222.1734
175.8859
480.2889
181.2937
159.9306
479.2204
183.7567
186.119
179.613
488.2885
483.615
197.2706
210.654
473.9066
203.9185
163.1845
272.3082
175.7865
199.84
87.8677
199.7657
127.9471
558.9263
212.0459
229.7069
474.7666
72.6424
355.8864
182.96
102.9277
166.1983
137.4771
117.0657
211.8571
487.4937
489.5245
115.474
162.5436
179.4991
224.5706
482.874
184.3252
171.4979
460.5341
239.171
225.0405
268.3123
117.4853
210.0293
81.4614
190.557
191.5607
488.4017
241.9598
467.5229
184.0293
183.5837
87.576
278.1393
168.9708
268.1338
258.455
176.9501
158.4327
141.2017
329.6898
466.942
183.7384
468.6419
297.5452
233.1495
359.1366
175.296
215.3322
134.3878
198.9963
171.1451
128.9675
191.2681
309.3769
236.3752
183.5712
238.4696
152.6453
176.5145
207.1354
191.2773
119.1211
212.5729
307.9349
274.1773
133.5078
169.6685
178.9117
311.1503
156.1353
154.8848
171.6621
208.2122
164.9761
158.8599
179.231
312.5875
269.9773
208.3483
160.7242
252.5226
260.2478
209.3308
213.2206
171.666
92.9187
176.5592
194.5541
195.597
105.4883
196.0967
187.2087
140.9227
263.1079
235.2905
245.2598
245.2158
178.9907
160.5845
210.8535
168.4247
263.9638
139.5501
195.2286
220.8119
547.4654
198.8119
222.9239
311.4614
327.9446
213.067
166.8155
206.5349
159.341
173.0181
214.3557
114.8386
399.2715
220.5553
171.7759
198.238
173.7706
198.822
201.081
245.017
264.3706
188.229
177.6639
84.925
184.7103
210.791
337.6775
192.454
172.7592
198.5071
187.8417
245.1606
205.4412
203.5284
199.9033
332.8361
148.8603
210.4728
444.4314
228.3843
146.6331
223.975
225.3697
187.1842
224.6696
247.4089
140.9027
285.1451
133.3938
231.9078
213.3612
307.0172
198.359
484.658
169.296
195.2043
215.4997
239.6888
155.2206
256.73
121.913
304.2549
180.4325
177.3735
276.1335
285.0032
85.179
129.3528
164.7412
200.6651
245.3055
196.7821
192.1745
489.2565
120.8324
491.6815
194.5508
183.4336
170.6333
181.3464
179.4042
495.5532
243.0896
514.5125
169.658
367.8536
176.9806
170.4077
169.8117
137.2442
402.8901
401.2456
286.4329
274.3067
174.8433
310.7865
253.6472
152.6873
205.0317
135.8466
230.7078
187.9354
175.2367
160.5434
232.2586
193.4436
221.9435
507.8067
114.6837
115.1903
185.5759
283.1383
395.4569
69.5724
245.9144
124.759
180.8123
255.7491
183.1385
221.5472
159.3014
203.9041
175.3761
157.6532
264.0218
192.7551
151.9072
176.0878
179.2897
109.0581
202.0927
406.6082
200.2525
197.6573
197.0347
453.1512
361.8694
427.1279
197.0926
555.1628
215.7709
169.3245
214.1648
192.7701
552.0291
521.5048
114.8276
228.1208
172.6127
241.5986
325.5554
189.8082
196.4035
264.8006
169.3619
208.1384
220.0428
198.8059
292.1484
209.4227
318.7272
184.1262
120.3697
511.6464
287.1879
396.7072
153.6169
114.2158
424.2104
168.4587
234.2868
217.3111
99.855
416.3732
180.6022
200.8377
143.8857
286.8622
286.7518
199.0509
347.1625
87.0734
103.153
240.1075
198.6096
445.2856
399.3913
205.5883
237.2156
172.5729
152.2006
220.2551
255.2986
189.3168
558.6288
248.834
88.8137
235.756
206.686
270.9192
370.0999
237.7487
444.6613
262.3796
290.7728
209.1183
195.6129
189.791
560.0258
251.2768
182.9066
199.3866
183.7325
191.0398
554.1663
230.6667
289.7171
467.2134
465.5453
217.1801
450.8411
211.4631
229.4557
558.8998
505.6337
183.5939
266.5281
280.6827
270.9289
200.9275
240.0308
557.9144
263.7861
153.1268
226.9137
152.8318
285.4344
141.2832
148.925
268.5785
150.1041
445.3318
270.1153
334.716
122.4178
269.2855
169.9734
187.1581
275.4684
322.8013
264.3039
552.2479
269.0348
553.6661
262.3454
282.922
178.779
536.2751
285.511
151.4928
154.8567
200.0483
267.5018
166.2271
162.5794
558.5378
192.0881
549.4074
315.1487
527.5867
257.9503
242.6472
304.5185
170.0034
549.8657
192.516
560.5038
165.8542
317.0736
328.4496
263.5388
309.4579
184.4338
291.5841
334.2012
524.1556
238.2183
278.7469
263.117
543.0887
554.3556
240.0189
167.5654
244.3822
546.5011
271.4196
195.4512
137.1866
201.2015
542.4912
545.6513
258.4858
214.7312
168.1913
562.0765
536.0069
188.6144
164.2818
503.7451
190.0627
223.6676
347.6353
251.5956
164.9438
256.6579
312.653
253.2236
59.9382
282.1155
560.2595
260.4015
283.3225
280.4955
162.3817
189.6227
560.61
290.571
524.6296
340.8851
517.1124
419.9688
266.206
130.7371
291.535
204.0667
189.9762
270.6264
158.8149
198.7399
313.454
497.1756
541.0757
334.4899
263.707
153.0807
552.1609
538.1573
332.0683
285.1702
173.8234
549.7587
602.7882
196.1281
560.5459
337.0898
240.6867
176.8184
506.6368
291.8458
547.9613
163.0849
309.4368
556.6817
285.6942
256.2725
258.7909
194.6395
535.0236
194.4745
498.8507
540.6651
225.1705
190.5728
282.7918
454.2239
560.1005
62.9107
561.8335
414.9017
184.4335
546.9815
279.5027
201.8925
555.4058
354.0322
301.4722
559.6604
412.4683
201.6677
279.2501
124.1292
363.3761
551.8282
426.2924
237.2497
188.6752
97.276
310.8753
204.309
297.7379
359.5667
181.9292
223.526
262.4702
241.4546
281.7911
187.7104
157.7445
368.1365
410.8893
303.6995
202.4562
554.7561
545.6485
73.2803
411.8892
512.683
240.0344
286.3741
173.5531
118.2388
201.0111
279.0099
499.437
487.6531
277.8443
197.1921
252.9068
200.4265
310.3104
327.2504
259.8343
301.1519
331.5763
452.4618
182.6766
554.6487
553.2639
553.0573
465.433
131.3599
550.6745
555.3411
216.4866
504.9221
486.0221
189.6948
438.2234
519.4119
325.5552
327.7565
525.3068
535.0906
238.5449
236.0247
292.7119
534.2143
529.9382
246.8291
333.2362
282.0162
183.3909
312.7734
201.2844
548.2566
180.0692
263.345
535.8847
350.2759
479.4726
501.6418
510.0594
468.9824
315.2949
269.9469
191.5702
293.1833
123.9335
503.1157
333.5243
133.0055
168.5693
274.0548
125.8189
280.777
410.2714
276.843
306.7857
240.2005
253.4942
275.01
276.0987
308.3549
248.7724
312.3111
421.8723
508.755
361.0751
72.4968
417.6427
274.0585
528.9523
445.5458
215.8584
273.6039
202.2535
266.393
173.5561
335.8216
156.235
319.9525
283.4775
162.2885
498.6761
215.0621
479.9785
158.429
316.1071
467.8342
550.3159
239.5985
327.9743
503.2877
287.9559
232.2348
325.4681
477.6352
330.071
242.398
345.0261
332.2907
283.1695
542.168
305.2323
537.8677
252.6265
194.8987
366.6236
515.3263
201.2819
178.3106
256.3149
322.6441
453.7095
188.6427
362.4486
318.5685
321.0494
227.9523
181.2206
487.1072
320.719
276.9059
327.9986
279.2477
550.2396
311.4386
335.9857
193.5325
549.2696
539.4384
160.492
213.4424
533.9337
307.6295
321.1677
118.483
535.1657
356.3062
287.9218
298.6709
65.3183
181.4948
275.9827
334.2015
330.2206
99.4113
477.9347
172.044
546.6909
458.6317
159.2793
172.1662
308.0549
490.7038
166.6205
448.7401
210.2291
206.5201
156.0385
332.2195
246.5105
492.7452
251.8478
331.4648
541.5486
321.4519
509.7397
279.86
173.5667
539.302
479.2067
185.4355
327.8821
166.251
196.2728
92.8343
199.8657
278.852
117.8711
513.5714
200.7624
295.7962
483.2129
264.3582
280.3551
190.6079
487.7918
191.4028
198.4847
543.3347
198.6123
258.9094
327.4987
57.7709
146.1835
306.0897
318.9356
111.01
346.7029
294.3147
292.8942
536.5625
337.1037
285.4705
284.2585
275.5022
189.4526
522.1238
548.2664
49.5419
551.7084
343.4459
499.8495
229.4218
384.7963
308.988
262.1419
487.5599
458.7082
505.6106
319.8463
499.9883
185.2071
411.4248
278.6405
314.7847
326.4737
260.5139
290.4915
250.4317
254.8259
490.0258
300.7063
348.6791
251.2583
168.4586
477.1305
488.2175
176.5808
558.4358
447.2406
364.464
177.4111
167.0095
354.24
482.3581
496.8545
506.0766
411.1981
364.7202
350.2166
456.6205
557.2115
327.4925
389.8465
234.6965
555.147
363.731
463.8887
234.4462
197.9446
305.2555
482.4798
284.9454
200.856
302.7045
214.867
321.3158
104.2414
500.7597
305.2873
450.8302
247.0947
524.2149
462.8487
492.3992
472.2627
243.3
361.5876
187.9054
159.8371
241.1935
501.2551
173.8788
381.6982
498.687
331.8881
536.9537
178.8346
542.4436
199.6947
485.321
285.1735
331.7689
254.2262
187.7261
347.6498
387.4627
333.8632
384.9407
410.163
400.0829
506.0877
487.6468
365.8732
242.1251
266.8317
551.9798
293.4793
486.2445
224.1839
185.2923
216.1926
448.1632
494.8053
74.6372
511.2716
332.7727
322.96
478.0511
243.9781
393.9309
353.4894
466.9835
493.92
240.3512
73.9113
404.0787
280.5566
79.1351
83.9551
322.5149
534.7079
213.9661
467.1404
340.3596
250.9374
484.7852
500.2006
373.5532
541.9658
377.775
353.2277
485.8637
497.5593
407.7382
256.4463
310.9639
165.5459
306.1736
285.3863
295.7108
549.5706
316.5344
415.6939
462.9952
527.019
357.4556
380.1236
320.395
323.4053
268.638
377.7559
262.9553
169.3682
234.6881
532.1067
245.2225
463.0563
294.1844
424.2307
175.2988
542.6153
192.8408
300.1675
195.4111
361.579
277.4821
465.3352
194.6976
408.4029
533.333
394.5592
364.6248
385.1001
352.1516
184.6383
499.5627
186.0387
311.8426
460.9641
402.9745
191.1251
311.486
139.3562
438.4569
311.3831
272.8704
283.5734
490.218
401.1949
371.422
492.0045
236.6235
353.8692
377.3258
350.8684
462.4071
408.5865
291.4322
195.5168
463.6235
379.0221
479.8538
81.9157
392.5963
507.3246
294.1663
436.9866
285.8554
429.4393
153.2525
122.7517
288.0725
440.6849
410.8184
289.3803
330.2857
403.0932
288.4653
339.2457
260.9779
367.8959
536.1109
451.7239
136.4105
188.0966
420.2442
387.7491
424.0766
320.4097
330.7518
195.3592
233.3262
174.8886
354.9075
179.6634
471.1397
380.2708
380.779
453.4405
215.5202
211.5885
194.4312
420.3915
424.5172
452.467
218.2156
428.9497
396.0106
421.1926
469.6344
169.8102
258.454
460.0088
467.4074
255.8268
201.1636
509.9401
559.4828
341.4822
295.5941
454.1379
456.9965
391.4617
552.707
438.044
323.4357
391.9929
286.5995
296.8104
430.5428
463.3045
166.9157
402.5431
398.5807
498.5988
461.6946
452.9897
472.2753
441.2774
444.1503
298.3737
160.2104
321.6153
460.6347
279.304
396.0859
396.0618
333.8259
295.9792
342.4324
531.8826
548.6608
72.6166
170.6183
432.7343
514.7329
432.3308
344.6063
528.3426
437.6318
197.8672
332.0726
257.6158
545.4787
427.7279
498.4598
188.5929
445.0611
54.2154
302.9243
459.3628
351.0624
72.9387
474.5182
190.4486
338.4394
415.5076
480.6597
40.9171
357.2322
483.638
192.7806
191.448
405.3745
157.9151
194.4324
186.9157
523.1649
484.9964
210.4121
535.4268
230.9884
247.2576
536.2583
287.8185
488.6422
196.7307
191.2618
391.3717
190.304
384.2748
177.246
450.143
278.3688
307.2469
303.8776
469.0918
88.9538
190.0175
489.3693
173.1889
540.1578
193.7258
187.8268
435.1191
483.5131
135.9268
277.0037
)
;

boundaryField
{
    inlet
    {
        type             zeroGradient;
    }
    outlet1
    {
        type             fixedValue;
        value            uniform 0;
    }
    outlet2
    {
        type             fixedValue;
        value            uniform 0;
    }
    wall
    {
        type             zeroGradient;
    }
}

// ************************************************************************* //
